{"data":[{"colorscale":[[0.0,"#0d0887"],[0.1111111111111111,"#46039f"],[0.2222222222222222,"#7201a8"],[0.3333333333333333,"#9c179e"],[0.4444444444444444,"#bd3786"],[0.5555555555555556,"#d8576b"],[0.6666666666666666,"#ed7953"],[0.7777777777777778,"#fb9f3a"],[0.8888888888888888,"#fdca26"],[1.0,"#f0f921"]],"name":"NN","showlegend":true,"showscale":false,"x":[0.24240772690723,0.48480545381446,0.72720318072169,0.96960090762892,1.21199863453615,1.45439636144338,1.69679408835061,1.93919181525784],"y":[0.144560514746047,0.289111029492094,0.433661544238141,0.5782120589841879,0.7227625737302349,0.867313088476282,1.011863603222329,1.156414117968376],"z":[[0.9999999999329281,0.9999999999320166,0.9999999999314461,0.9999999999311661,0.9999999999311306,0.9999999999312987,0.9999999999316337,0.9999999999321031],[0.9999999998752113,0.999999999873937,0.9999999998729735,0.9999999998722657,0.9999999998717662,0.9999999998714344,0.9999999998712353,0.9999999998711389],[0.9999999997652776,0.9999999997641194,0.9999999997631085,0.9999999997622131,0.9999999997614071,0.9999999997606687,0.99999999975998,0.9999999997593263],[0.999999999625457,0.9999999996269617,0.9999999996282403,0.9999999996293205,0.9999999996302273,0.9999999996309822,0.9999999996316035,0.999999999632107],[0.9999999989407078,0.9999999989942571,0.9999999990385061,0.9999999990756523,0.9999999991072728,0.9999999991345231,0.9999999991582645,0.9999999991791494],[0.999999971479363,0.9999999819645672,0.9999999872046542,0.9999999902484763,0.9999999922004869,0.9999999935393685,0.9999999945030507,0.9999999952225086],[0.999854067366961,0.9999005298001394,0.9999406868882812,0.9999702922048006,0.9999876825069285,0.9999955909301074,0.9999984915546749,0.9999994451620915],[0.9995250214320051,0.9995687626242362,0.999611698319372,0.9996540386767789,0.9996960159645651,0.9997378337697744,0.9997795659522466,0.9998209833769321]],"type":"surface","scene":"scene"},{"colorscale":[[0.0,"#0d0887"],[0.1111111111111111,"#46039f"],[0.2222222222222222,"#7201a8"],[0.3333333333333333,"#9c179e"],[0.4444444444444444,"#bd3786"],[0.5555555555555556,"#d8576b"],[0.6666666666666666,"#ed7953"],[0.7777777777777778,"#fb9f3a"],[0.8888888888888888,"#fdca26"],[1.0,"#f0f921"]],"name":"NN","showlegend":true,"showscale":false,"x":[-0.0772377082793561,-0.055169791628111496,-0.033101874976866896,-0.011033958325622303,0.01103395832562229,0.033101874976866896,0.055169791628111475,0.07723770827935608],"y":[0.144560514746047,0.289111029492094,0.433661544238141,0.5782120589841879,0.7227625737302349,0.867313088476282,1.011863603222329,1.156414117968376],"z":[[0.9999999999312726,0.9999999999312341,0.9999999999311986,0.9999999999311661,0.9999999999311365,0.9999999999311099,0.9999999999310861,0.9999999999310651],[0.9999999998727356,0.9999999998725766,0.9999999998724199,0.9999999998722657,0.9999999998721139,0.9999999998719643,0.9999999998718169,0.9999999998716717],[0.9999999997628296,0.999999999762623,0.9999999997624175,0.9999999997622131,0.9999999997620099,0.9999999997618078,0.9999999997616066,0.9999999997614064],[0.9999999996286448,0.999999999628874,0.9999999996290991,0.9999999996293205,0.9999999996295381,0.9999999996297521,0.9999999996299623,0.9999999996301691],[0.9999999990532666,0.9999999990608918,0.9999999990683519,0.9999999990756523,0.9999999990827979,0.9999999990897936,0.999999999096644,0.9999999991033537],[0.999999988704826,0.9999999892603717,0.9999999897734715,0.9999999902484763,0.999999990689176,0.9999999910988855,0.9999999914805152,0.99999999183663],[0.9999557630367627,0.999960992351966,0.9999658387373211,0.9999702922048006,0.9999743483179336,0.9999780084987606,0.9999812800632684,0.9999841759690512],[0.9996308654106274,0.9996385770058136,0.9996463011783422,0.9996540386767789,0.9996617902554333,0.9996695566650982,0.9996773386416458,0.9996851368921638]],"type":"surface","scene":"scene2"},{"colorscale":[[0.0,"#0d0887"],[0.1111111111111111,"#46039f"],[0.2222222222222222,"#7201a8"],[0.3333333333333333,"#9c179e"],[0.4444444444444444,"#bd3786"],[0.5555555555555556,"#d8576b"],[0.6666666666666666,"#ed7953"],[0.7777777777777778,"#fb9f3a"],[0.8888888888888888,"#fdca26"],[1.0,"#f0f921"]],"name":"NN","showlegend":true,"showscale":false,"x":[-0.0772377082793561,-0.055169791628111496,-0.033101874976866896,-0.011033958325622303,0.01103395832562229,0.033101874976866896,0.055169791628111475,0.07723770827935608],"y":[0.24240772690723,0.48480545381446,0.72720318072169,0.96960090762892,1.21199863453615,1.45439636144338,1.69679408835061,1.93919181525784],"z":[[0.9999999996244725,0.9999999996248061,0.9999999996251343,0.999999999625457,0.9999999996257746,0.9999999996260869,0.9999999996263941,0.9999999996266962],[0.9999999996260942,0.9999999996263882,0.9999999996266774,0.9999999996269617,0.9999999996272414,0.9999999996275165,0.999999999627787,0.999999999628053],[0.9999999996274751,0.9999999996277344,0.9999999996279895,0.9999999996282403,0.9999999996284868,0.9999999996287293,0.9999999996289677,0.9999999996292022],[0.9999999996286448,0.999999999628874,0.9999999996290991,0.9999999996293205,0.9999999996295381,0.9999999996297521,0.9999999996299623,0.9999999996301691],[0.9999999996296304,0.9999999996298328,0.9999999996300317,0.9999999996302273,0.9999999996304195,0.9999999996306083,0.9999999996307938,0.9999999996309761],[0.9999999996304546,0.9999999996306336,0.9999999996308094,0.9999999996309822,0.9999999996311518,0.9999999996313185,0.9999999996314821,0.9999999996316428],[0.9999999996311375,0.9999999996312957,0.999999999631451,0.9999999996316035,0.9999999996317531,0.9999999996319,0.9999999996320442,0.9999999996321856],[0.999999999631696,0.9999999996318355,0.9999999996319725,0.999999999632107,0.9999999996322387,0.999999999632368,0.9999999996324946,0.9999999996326188]],"type":"surface","scene":"scene3"},{"colorscale":[[0.0,"#0d0887"],[0.1111111111111111,"#46039f"],[0.2222222222222222,"#7201a8"],[0.3333333333333333,"#9c179e"],[0.4444444444444444,"#bd3786"],[0.5555555555555556,"#d8576b"],[0.6666666666666666,"#ed7953"],[0.7777777777777778,"#fb9f3a"],[0.8888888888888888,"#fdca26"],[1.0,"#f0f921"]],"name":"NN","showlegend":true,"showscale":false,"x":[0.06157894736842105,0.1131578947368421,0.16473684210526315,0.2163157894736842,0.26789473684210524,0.3194736842105263,0.37105263157894736,0.4226315789473684,0.47421052631578947,0.5257894736842105,0.5773684210526315,0.6289473684210526,0.6805263157894736,0.7321052631578947,0.7836842105263158,0.8352631578947368,0.8868421052631579,0.9384210526315789],"y":[0.144560514746047,0.289111029492094,0.433661544238141,0.5782120589841879,0.7227625737302349,0.867313088476282,1.011863603222329,1.156414117968376],"z":[[0.9951374581388739,0.9999999892964404,0.9999999993219089,0.9999999996352595,0.9999999997115686,0.9999999997757789,0.9999999998410211,0.999999999894862,0.9999999999311661,0.9999999999531759,0.9999999999662013,0.9999999999740956,0.9999999999791005,0.9999999999824386,0.9999999999847771,0.9999999999864893,0.9999999999877919,0.9999999999888154],[0.9791151803436486,0.9961408005365782,0.999999943637299,0.9999999986749847,0.9999999995462642,0.999999999675326,0.999999999742314,0.9999999998096804,0.9999999998722657,0.9999999999172671,0.9999999999445581,0.9999999999602425,0.9999999999694226,0.9999999999750696,0.9999999999787531,0.9999999999812983,0.999999999983151,0.9999999999845623],[0.9738490945336583,0.9910142134879453,0.9972548135268112,0.9999912980318669,0.999999996470742,0.9999999993040894,0.9999999996061864,0.9999999996967738,0.9999999997622131,0.9999999998298523,0.9999999998886084,0.9999999999278827,0.9999999999505741,0.9999999999633233,0.9999999999707406,0.9999999999753154,0.9999999999783219,0.9999999999804221],[0.9712128940839752,0.988467823518058,0.9948164962629448,0.9979664985421526,0.9997489924013659,0.9999999862725168,0.9999999986529768,0.9999999994500135,0.9999999996293205,0.9999999997070804,0.9999999997714749,0.9999999998383629,0.9999999998951504,0.9999999999321415,0.9999999999530724,0.9999999999646627,0.9999999999713347,0.9999999999754133],[0.9696251409882704,0.9869306864016449,0.9933502670339194,0.9965775307021363,0.9984425312316825,0.9995953517088381,0.9999998753542287,0.9999999967555941,0.9999999990756523,0.9999999994957576,0.9999999996354824,0.9999999997087159,0.9999999997722322,0.9999999998386856,0.9999999998956876,0.999999999932898,0.9999999999537769,0.9999999999651853],[0.9685680309970048,0.9859053149870878,0.992368431251022,0.9956506704980808,0.9975700804708676,0.9987800034899984,0.9995740458269485,0.9999958561476016,0.9999999902484763,0.9999999981488185,0.9999999991957957,0.9999999995029929,0.999999999630851,0.9999999997039787,0.9999999997672141,0.9999999998337409,0.9999999998924838,0.99999999993157],[0.9678189618518165,0.9851759566118451,0.9916704446353227,0.9949905064786447,0.9969488429316542,0.9981977103788722,0.9990321930409494,0.9996040408172711,0.9999702922048006,0.9999999610460156,0.9999999956710138,0.9999999985053224,0.9999999992156531,0.9999999994887458,0.9999999996183264,0.9999999996947468,0.9999999997586144,0.9999999998255239],[0.9672567651936765,0.9846282550970329,0.9911493867274404,0.9944960783197964,0.9964832612410597,0.9977616633177512,0.9986262244571675,0.9992291387889601,0.9996540386767789,0.9999428893672754,0.9999997592607621,0.9999999889419536,0.9999999968667157,0.9999999985824215,0.9999999991859284,0.9999999994592194,0.9999999995993728,0.9999999996821961]],"type":"surface","scene":"scene4"},{"colorscale":[[0.0,"#0d0887"],[0.1111111111111111,"#46039f"],[0.2222222222222222,"#7201a8"],[0.3333333333333333,"#9c179e"],[0.4444444444444444,"#bd3786"],[0.5555555555555556,"#d8576b"],[0.6666666666666666,"#ed7953"],[0.7777777777777778,"#fb9f3a"],[0.8888888888888888,"#fdca26"],[1.0,"#f0f921"]],"name":"NN","showlegend":true,"showscale":false,"x":[0.06157894736842105,0.1131578947368421,0.16473684210526315,0.2163157894736842,0.26789473684210524,0.3194736842105263,0.37105263157894736,0.4226315789473684,0.47421052631578947,0.5257894736842105,0.5773684210526315,0.6289473684210526,0.6805263157894736,0.7321052631578947,0.7836842105263158,0.8352631578947368,0.8868421052631579,0.9384210526315789],"y":[0.24240772690723,0.48480545381446,0.72720318072169,0.96960090762892,1.21199863453615,1.45439636144338,1.69679408835061,1.93919181525784],"z":[[0.970985222935443,0.9882070274296629,0.9945497865457692,0.9976987536320006,0.9994820911545691,0.9999999649506215,0.9999999983860454,0.9999999994234336,0.999999999625457,0.9999999997081204,0.9999999997745219,0.9999999998416583,0.9999999998971991,0.9999999999328374,0.9999999999529647,0.9999999999641835,0.9999999999707119,0.9999999999747554],[0.9710565783516322,0.9882919553942844,0.9946377109446576,0.9977880466929093,0.999572002469275,0.99999997629313,0.9999999984937296,0.9999999994336275,0.9999999996269617,0.9999999997077617,0.9999999997733854,0.9999999998403782,0.999999999896326,0.9999999999324402,0.9999999999528671,0.9999999999642362,0.9999999999708318,0.9999999999749009],[0.9711337423985995,0.9883793448651294,0.994726821037469,0.9978773979030098,0.9996616284610882,0.9999999824730266,0.9999999985809656,0.9999999994424075,0.9999999996282403,0.999999999707418,0.9999999997723791,0.9999999998392926,0.9999999998956557,0.9999999999322188,0.9999999999529117,0.9999999999644031,0.9999999999710456,0.9999999999751256],[0.9712128940839752,0.988467823518058,0.9948164962629448,0.9979664985421526,0.9997489924013659,0.9999999862725168,0.9999999986529768,0.9999999994500135,0.9999999996293205,0.9999999997070804,0.9999999997714749,0.9999999998383629,0.9999999998951504,0.9999999999321415,0.9999999999530724,0.9999999999646627,0.9999999999713347,0.9999999999754133],[0.9712915227803663,0.9885565291088749,0.9949063764359415,0.9980551899958805,0.9998297171154027,0.9999999888061004,0.999999998713404,0.999999999456641,0.9999999996302273,0.999999999706742,0.9999999997706494,0.9999999998375558,0.999999999894777,0.9999999999321801,0.9999999999533259,0.9999999999649951,0.9999999999716822,0.9999999999757492],[0.9713679460893923,0.9886449122108697,0.9949962561427101,0.9981434019353661,0.9998973339932513,0.999999990594647,0.9999999987648451,0.9999999994624484,0.9999999996309822,0.9999999997063974,0.9999999997698827,0.9999999998368433,0.999999999894506,0.9999999999323093,0.9999999999536512,0.999999999965383,0.9999999999720732,0.9999999999761203],[0.9714409937356748,0.9887326113105773,0.9950860173103219,0.9982311122571242,0.9999461836033635,0.9999999919116408,0.9999999988091923,0.9999999994675649,0.9999999996316035,0.9999999997060424,0.999999999769159,0.9999999998362009,0.9999999998943124,0.9999999999325068,0.9999999999540298,0.9999999999658109,0.9999999999724946,0.9999999999765153],[0.9715098034453151,0.9888193743985804,0.9951755864343415,0.9983183222368158,0.9999754671717427,0.9999999929136928,0.9999999988478485,0.9999999994720951,0.999999999632107,0.9999999997056734,0.9999999997684641,0.9999999998356082,0.9999999998941741,0.9999999999327531,0.9999999999544457,0.9999999999662657,0.9999999999729353,0.9999999999769249]],"type":"surface","scene":"scene5"},{"colorscale":[[0.0,"#0d0887"],[0.1111111111111111,"#46039f"],[0.2222222222222222,"#7201a8"],[0.3333333333333333,"#9c179e"],[0.4444444444444444,"#bd3786"],[0.5555555555555556,"#d8576b"],[0.6666666666666666,"#ed7953"],[0.7777777777777778,"#fb9f3a"],[0.8888888888888888,"#fdca26"],[1.0,"#f0f921"]],"name":"NN","showlegend":true,"showscale":false,"x":[0.06157894736842105,0.1131578947368421,0.16473684210526315,0.2163157894736842,0.26789473684210524,0.3194736842105263,0.37105263157894736,0.4226315789473684,0.47421052631578947,0.5257894736842105,0.5773684210526315,0.6289473684210526,0.6805263157894736,0.7321052631578947,0.7836842105263158,0.8352631578947368,0.8868421052631579,0.9384210526315789],"y":[-0.0772377082793561,-0.055169791628111496,-0.033101874976866896,-0.011033958325622303,0.01103395832562229,0.033101874976866896,0.055169791628111475,0.07723770827935608],"z":[[0.971156375977427,0.9884057369971829,0.9947540797477985,0.9979065549559586,0.9996956330035348,0.9999999841235033,0.9999999986062911,0.9999999994449503,0.9999999996286448,0.999999999707343,0.9999999997721248,0.9999999998390555,0.9999999998955774,0.9999999999322847,0.9999999999530509,0.9999999999645677,0.9999999999712127,0.9999999999752858],[0.9711750198186168,0.9884263229525289,0.9947747913883453,0.9979264703518727,0.9997135467792706,0.9999999848952918,0.9999999986222637,0.9999999994466644,0.999999999628874,0.9999999997072557,0.9999999997719071,0.9999999998388234,0.999999999895434,0.999999999932236,0.9999999999530571,0.9999999999645985,0.9999999999712528,0.9999999999753278],[0.9711938592168777,0.9884470181441829,0.9947955967160138,0.9979464516799759,0.9997313475967571,0.9999999856097321,0.9999999986378205,0.9999999994483519,0.9999999996290991,0.9999999997071682,0.9999999997716905,0.9999999998385924,0.9999999998952916,0.9999999999321882,0.9999999999530643,0.9999999999646303,0.9999999999712935,0.9999999999753704],[0.9712128940839752,0.988467823518058,0.9948164962629448,0.9979664985421526,0.9997489924013659,0.9999999862725168,0.9999999986529768,0.9999999994500135,0.9999999996293205,0.9999999997070804,0.9999999997714749,0.9999999998383629,0.9999999998951504,0.9999999999321415,0.9999999999530724,0.9999999999646627,0.9999999999713347,0.9999999999754133],[0.9712321244922028,0.9884887400613347,0.9948374905636831,0.9979866105239995,0.9997664321923223,0.9999999868886268,0.9999999986677476,0.9999999994516496,0.9999999996295381,0.9999999997069925,0.9999999997712602,0.9999999998381344,0.9999999998950103,0.9999999999320959,0.9999999999530813,0.9999999999646958,0.9999999999713766,0.9999999999754567],[0.9712515506736911,0.9885097688023752,0.9948585801545572,0.9980067871947527,0.9997836120945016,0.9999999874624367,0.9999999986821468,0.9999999994532609,0.9999999996297521,0.9999999997069041,0.9999999997710465,0.999999999837907,0.9999999998948711,0.999999999932051,0.999999999953091,0.9999999999647295,0.9999999999714189,0.9999999999755005],[0.9712711730198605,0.9885309108106624,0.9948797655730551,0.9980270281073088,0.999800471686501,0.999999987997804,0.999999998696188,0.9999999994548477,0.9999999996299623,0.9999999997068156,0.9999999997708335,0.9999999998376806,0.999999999894733,0.9999999999320072,0.9999999999531015,0.9999999999647639,0.9999999999714616,0.9999999999755448],[0.9712909920810214,0.9885521671967629,0.9949010473571968,0.9980473327983514,0.9998169456354542,0.9999999884981418,0.9999999987098839,0.9999999994564107,0.9999999996301691,0.9999999997067268,0.9999999997706215,0.9999999998374554,0.9999999998945956,0.9999999999319641,0.9999999999531127,0.9999999999647988,0.9999999999715049,0.9999999999755893]],"type":"surface","scene":"scene6"}],"layout":{"template":{"data":{"histogram2dcontour":[{"type":"histogram2dcontour","colorbar":{"outlinewidth":0,"ticks":""},"colorscale":[[0.0,"#0d0887"],[0.1111111111111111,"#46039f"],[0.2222222222222222,"#7201a8"],[0.3333333333333333,"#9c179e"],[0.4444444444444444,"#bd3786"],[0.5555555555555556,"#d8576b"],[0.6666666666666666,"#ed7953"],[0.7777777777777778,"#fb9f3a"],[0.8888888888888888,"#fdca26"],[1.0,"#f0f921"]]}],"choropleth":[{"type":"choropleth","colorbar":{"outlinewidth":0,"ticks":""}}],"histogram2d":[{"type":"histogram2d","colorbar":{"outlinewidth":0,"ticks":""},"colorscale":[[0.0,"#0d0887"],[0.1111111111111111,"#46039f"],[0.2222222222222222,"#7201a8"],[0.3333333333333333,"#9c179e"],[0.4444444444444444,"#bd3786"],[0.5555555555555556,"#d8576b"],[0.6666666666666666,"#ed7953"],[0.7777777777777778,"#fb9f3a"],[0.8888888888888888,"#fdca26"],[1.0,"#f0f921"]]}],"heatmap":[{"type":"heatmap","colorbar":{"outlinewidth":0,"ticks":""},"colorscale":[[0.0,"#0d0887"],[0.1111111111111111,"#46039f"],[0.2222222222222222,"#7201a8"],[0.3333333333333333,"#9c179e"],[0.4444444444444444,"#bd3786"],[0.5555555555555556,"#d8576b"],[0.6666666666666666,"#ed7953"],[0.7777777777777778,"#fb9f3a"],[0.8888888888888888,"#fdca26"],[1.0,"#f0f921"]]}],"heatmapgl":[{"type":"heatmapgl","colorbar":{"outlinewidth":0,"ticks":""},"colorscale":[[0.0,"#0d0887"],[0.1111111111111111,"#46039f"],[0.2222222222222222,"#7201a8"],[0.3333333333333333,"#9c179e"],[0.4444444444444444,"#bd3786"],[0.5555555555555556,"#d8576b"],[0.6666666666666666,"#ed7953"],[0.7777777777777778,"#fb9f3a"],[0.8888888888888888,"#fdca26"],[1.0,"#f0f921"]]}],"contourcarpet":[{"type":"contourcarpet","colorbar":{"outlinewidth":0,"ticks":""}}],"contour":[{"type":"contour","colorbar":{"outlinewidth":0,"ticks":""},"colorscale":[[0.0,"#0d0887"],[0.1111111111111111,"#46039f"],[0.2222222222222222,"#7201a8"],[0.3333333333333333,"#9c179e"],[0.4444444444444444,"#bd3786"],[0.5555555555555556,"#d8576b"],[0.6666666666666666,"#ed7953"],[0.7777777777777778,"#fb9f3a"],[0.8888888888888888,"#fdca26"],[1.0,"#f0f921"]]}],"surface":[{"type":"surface","colorbar":{"outlinewidth":0,"ticks":""},"colorscale":[[0.0,"#0d0887"],[0.1111111111111111,"#46039f"],[0.2222222222222222,"#7201a8"],[0.3333333333333333,"#9c179e"],[0.4444444444444444,"#bd3786"],[0.5555555555555556,"#d8576b"],[0.6666666666666666,"#ed7953"],[0.7777777777777778,"#fb9f3a"],[0.8888888888888888,"#fdca26"],[1.0,"#f0f921"]]}],"mesh3d":[{"type":"mesh3d","colorbar":{"outlinewidth":0,"ticks":""}}],"scatter":[{"fillpattern":{"fillmode":"overlay","size":10,"solidity":0.2},"type":"scatter"}],"parcoords":[{"type":"parcoords","line":{"colorbar":{"outlinewidth":0,"ticks":""}}}],"scatterpolargl":[{"type":"scatterpolargl","marker":{"colorbar":{"outlinewidth":0,"ticks":""}}}],"bar":[{"error_x":{"color":"#2a3f5f"},"error_y":{"color":"#2a3f5f"},"marker":{"line":{"color":"#E5ECF6","width":0.5},"pattern":{"fillmode":"overlay","size":10,"solidity":0.2}},"type":"bar"}],"scattergeo":[{"type":"scattergeo","marker":{"colorbar":{"outlinewidth":0,"ticks":""}}}],"scatterpolar":[{"type":"scatterpolar","marker":{"colorbar":{"outlinewidth":0,"ticks":""}}}],"histogram":[{"marker":{"pattern":{"fillmode":"overlay","size":10,"solidity":0.2}},"type":"histogram"}],"scattergl":[{"type":"scattergl","marker":{"colorbar":{"outlinewidth":0,"ticks":""}}}],"scatter3d":[{"type":"scatter3d","line":{"colorbar":{"outlinewidth":0,"ticks":""}},"marker":{"colorbar":{"outlinewidth":0,"ticks":""}}}],"scattermapbox":[{"type":"scattermapbox","marker":{"colorbar":{"outlinewidth":0,"ticks":""}}}],"scatterternary":[{"type":"scatterternary","marker":{"colorbar":{"outlinewidth":0,"ticks":""}}}],"scattercarpet":[{"type":"scattercarpet","marker":{"colorbar":{"outlinewidth":0,"ticks":""}}}],"carpet":[{"aaxis":{"endlinecolor":"#2a3f5f","gridcolor":"white","linecolor":"white","minorgridcolor":"white","startlinecolor":"#2a3f5f"},"baxis":{"endlinecolor":"#2a3f5f","gridcolor":"white","linecolor":"white","minorgridcolor":"white","startlinecolor":"#2a3f5f"},"type":"carpet"}],"table":[{"cells":{"fill":{"color":"#EBF0F8"},"line":{"color":"white"}},"header":{"fill":{"color":"#C8D4E3"},"line":{"color":"white"}},"type":"table"}],"barpolar":[{"marker":{"line":{"color":"#E5ECF6","width":0.5},"pattern":{"fillmode":"overlay","size":10,"solidity":0.2}},"type":"barpolar"}],"pie":[{"automargin":true,"type":"pie"}]},"layout":{"autotypenumbers":"strict","colorway":["#636efa","#EF553B","#00cc96","#ab63fa","#FFA15A","#19d3f3","#FF6692","#B6E880","#FF97FF","#FECB52"],"font":{"color":"#2a3f5f"},"hovermode":"closest","hoverlabel":{"align":"left"},"paper_bgcolor":"white","plot_bgcolor":"#E5ECF6","polar":{"bgcolor":"#E5ECF6","angularaxis":{"gridcolor":"white","linecolor":"white","ticks":""},"radialaxis":{"gridcolor":"white","linecolor":"white","ticks":""}},"ternary":{"bgcolor":"#E5ECF6","aaxis":{"gridcolor":"white","linecolor":"white","ticks":""},"baxis":{"gridcolor":"white","linecolor":"white","ticks":""},"caxis":{"gridcolor":"white","linecolor":"white","ticks":""}},"coloraxis":{"colorbar":{"outlinewidth":0,"ticks":""}},"colorscale":{"sequential":[[0.0,"#0d0887"],[0.1111111111111111,"#46039f"],[0.2222222222222222,"#7201a8"],[0.3333333333333333,"#9c179e"],[0.4444444444444444,"#bd3786"],[0.5555555555555556,"#d8576b"],[0.6666666666666666,"#ed7953"],[0.7777777777777778,"#fb9f3a"],[0.8888888888888888,"#fdca26"],[1.0,"#f0f921"]],"sequentialminus":[[0.0,"#0d0887"],[0.1111111111111111,"#46039f"],[0.2222222222222222,"#7201a8"],[0.3333333333333333,"#9c179e"],[0.4444444444444444,"#bd3786"],[0.5555555555555556,"#d8576b"],[0.6666666666666666,"#ed7953"],[0.7777777777777778,"#fb9f3a"],[0.8888888888888888,"#fdca26"],[1.0,"#f0f921"]],"diverging":[[0,"#8e0152"],[0.1,"#c51b7d"],[0.2,"#de77ae"],[0.3,"#f1b6da"],[0.4,"#fde0ef"],[0.5,"#f7f7f7"],[0.6,"#e6f5d0"],[0.7,"#b8e186"],[0.8,"#7fbc41"],[0.9,"#4d9221"],[1,"#276419"]]},"xaxis":{"gridcolor":"white","linecolor":"white","ticks":"","title":{"standoff":15},"zerolinecolor":"white","automargin":true,"zerolinewidth":2},"yaxis":{"gridcolor":"white","linecolor":"white","ticks":"","title":{"standoff":15},"zerolinecolor":"white","automargin":true,"zerolinewidth":2},"scene":{"xaxis":{"backgroundcolor":"#E5ECF6","gridcolor":"white","linecolor":"white","showbackground":true,"ticks":"","zerolinecolor":"white","gridwidth":2},"yaxis":{"backgroundcolor":"#E5ECF6","gridcolor":"white","linecolor":"white","showbackground":true,"ticks":"","zerolinecolor":"white","gridwidth":2},"zaxis":{"backgroundcolor":"#E5ECF6","gridcolor":"white","linecolor":"white","showbackground":true,"ticks":"","zerolinecolor":"white","gridwidth":2}},"shapedefaults":{"line":{"color":"#2a3f5f"}},"annotationdefaults":{"arrowcolor":"#2a3f5f","arrowhead":0,"arrowwidth":1},"geo":{"bgcolor":"white","landcolor":"#E5ECF6","subunitcolor":"white","showland":true,"showlakes":true,"lakecolor":"white"},"title":{"x":0.05},"mapbox":{"style":"light"}}},"scene":{"domain":{"x":[0.0,0.125],"y":[0.0,1.0]},"zaxis":{"title":{"text":"kappa"},"nticks":4,"range":[-0.0001,1.0049114852080863],"tickformat":".4f"},"xaxis":{"title":{"text":"V"}},"yaxis":{"title":{"text":"Vtilde"}}},"scene2":{"domain":{"x":[0.175,0.3],"y":[0.0,1.0]},"zaxis":{"title":{"text":"kappa"},"nticks":4,"range":[-0.0001,1.0049114852080863],"tickformat":".4f"},"xaxis":{"title":{"text":"Z"}},"yaxis":{"title":{"text":"Vtilde"}}},"scene3":{"domain":{"x":[0.35,0.475],"y":[0.0,1.0]},"zaxis":{"title":{"text":"kappa"},"nticks":4,"range":[-0.0001,1.0049114852080863],"tickformat":".4f"},"xaxis":{"title":{"text":"Z"}},"yaxis":{"title":{"text":"V"}}},"scene4":{"domain":{"x":[0.525,0.65],"y":[0.0,1.0]},"zaxis":{"title":{"text":"kappa"},"nticks":4,"range":[-0.0001,1.0049114852080863],"tickformat":".4f"},"xaxis":{"title":{"text":"W"}},"yaxis":{"title":{"text":"Vtilde"}}},"scene5":{"domain":{"x":[0.7,0.825],"y":[0.0,1.0]},"zaxis":{"title":{"text":"kappa"},"nticks":4,"range":[-0.0001,1.0049114852080863],"tickformat":".4f"},"xaxis":{"title":{"text":"W"}},"yaxis":{"title":{"text":"V"}}},"scene6":{"domain":{"x":[0.875,1.0],"y":[0.0,1.0]},"zaxis":{"title":{"text":"kappa"},"nticks":4,"range":[-0.0001,1.0049114852080863],"tickformat":".4f"},"xaxis":{"title":{"text":"W"}},"yaxis":{"title":{"text":"Z"}}},"annotations":[{"font":{"size":16},"showarrow":false,"text":"W fixed at 0.4742, Z fixed at -0.0110<br> MFR Suite Not Solved.","x":0.0625,"xanchor":"center","xref":"paper","y":1.0,"yanchor":"bottom","yref":"paper"},{"font":{"size":16},"showarrow":false,"text":"W fixed at 0.4742, V fixed at 0.9696<br> MFR Suite Not Solved.","x":0.2375,"xanchor":"center","xref":"paper","y":1.0,"yanchor":"bottom","yref":"paper"},{"font":{"size":16},"showarrow":false,"text":"W fixed at 0.4742, Vtilde fixed at 0.5782<br> MFR Suite Not Solved.","x":0.4125,"xanchor":"center","xref":"paper","y":1.0,"yanchor":"bottom","yref":"paper"},{"font":{"size":16},"showarrow":false,"text":"Z fixed at -0.0110, V fixed at 0.9696<br> MFR Suite Not Solved.","x":0.5875,"xanchor":"center","xref":"paper","y":1.0,"yanchor":"bottom","yref":"paper"},{"font":{"size":16},"showarrow":false,"text":"Z fixed at -0.0110, Vtilde fixed at 0.5782<br> MFR Suite Not Solved.","x":0.7625,"xanchor":"center","xref":"paper","y":1.0,"yanchor":"bottom","yref":"paper"},{"font":{"size":16},"showarrow":false,"text":"V fixed at 0.9696, Vtilde fixed at 0.5782<br> MFR Suite Not Solved.","x":0.9375,"xanchor":"center","xref":"paper","y":1.0,"yanchor":"bottom","yref":"paper"}],"title":{"text":"MRF vs NN - Kappa Policy Function Interior<br><span style=\"font-size: 12px;\"> chiUnderline = 0.2, a_e = 0.15, a_h = 0.1, gamma_e = 0.5, gamma_h = 8.0, psi_e = 1.5, psi_h = 1.5</span>","x":0.5,"y":0.97,"yanchor":"top"},"height":700,"width":3500,"margin":{"t":150}}}