{"data":[{"colorscale":[[0.0,"#0d0887"],[0.1111111111111111,"#46039f"],[0.2222222222222222,"#7201a8"],[0.3333333333333333,"#9c179e"],[0.4444444444444444,"#bd3786"],[0.5555555555555556,"#d8576b"],[0.6666666666666666,"#ed7953"],[0.7777777777777778,"#fb9f3a"],[0.8888888888888888,"#fdca26"],[1.0,"#f0f921"]],"name":"NN","showlegend":true,"showscale":false,"x":[0.24240772690723,0.48480545381446,0.72720318072169,0.96960090762892,1.21199863453615,1.45439636144338,1.69679408835061,1.93919181525784],"y":[0.144560514746047,0.289111029492094,0.433661544238141,0.5782120589841879,0.7227625737302349,0.867313088476282,1.011863603222329,1.156414117968376],"z":[[0.9999999967323993,0.9999999967397808,0.9999999967473606,0.9999999967550655,0.9999999967628406,0.999999996770645,0.9999999967784473,0.9999999967862235],[0.9999999963605078,0.999999996371926,0.9999999963834862,0.9999999963951249,0.9999999964067936,0.9999999964184547,0.999999996430079,0.9999999964416426],[0.9999999956449265,0.9999999956616107,0.9999999956783397,0.9999999956950861,0.9999999957118254,0.9999999957285352,0.9999999957451948,0.9999999957617858],[0.9999999949676349,0.999999994983286,0.9999999949989291,0.9999999950146052,0.9999999950303352,0.9999999950461262,0.9999999950619758,0.9999999950778747],[0.999999994415841,0.9999999944259557,0.999999994436723,0.9999999944481581,0.9999999944602571,0.9999999944730021,0.999999994486365,0.9999999945003097],[0.9999999895467095,0.9999999901155867,0.9999999905976449,0.9999999910077638,0.9999999913578564,0.9999999916575607,0.9999999919147514,0.9999999921359221],[0.9996544497413158,0.9996900415839696,0.9997238849959251,0.9997558598138756,0.9997858481355629,0.9998137420128785,0.9998394512703083,0.9998629107572626],[0.997906629050041,0.9979497953920005,0.9979932900523234,0.9980371571183602,0.9980814217389103,0.998126092242469,0.9981711627085652,0.9982166154642562]],"type":"surface","scene":"scene"},{"colorscale":[[0.0,"#0d0887"],[0.1111111111111111,"#46039f"],[0.2222222222222222,"#7201a8"],[0.3333333333333333,"#9c179e"],[0.4444444444444444,"#bd3786"],[0.5555555555555556,"#d8576b"],[0.6666666666666666,"#ed7953"],[0.7777777777777778,"#fb9f3a"],[0.8888888888888888,"#fdca26"],[1.0,"#f0f921"]],"name":"NN","showlegend":true,"showscale":false,"x":[-0.0772377082793561,-0.055169791628111496,-0.033101874976866896,-0.011033958325622303,0.01103395832562229,0.033101874976866896,0.055169791628111475,0.07723770827935608],"y":[0.144560514746047,0.289111029492094,0.433661544238141,0.5782120589841879,0.7227625737302349,0.867313088476282,1.011863603222329,1.156414117968376],"z":[[0.9999999967725509,0.9999999967667126,0.9999999967608836,0.9999999967550655,0.9999999967492592,0.999999996743466,0.999999996737686,0.9999999967319197],[0.9999999964248167,0.9999999964149737,0.9999999964050775,0.9999999963951249,0.9999999963851123,0.9999999963750356,0.99999999636489,0.9999999963546705],[0.9999999957570217,0.9999999957365977,0.9999999957159551,0.9999999956950861,0.9999999956739823,0.9999999956526346,0.9999999956310333,0.9999999956091679],[0.9999999951186282,0.9999999950841797,0.9999999950495023,0.9999999950146052,0.9999999949794967,0.9999999949441849,0.9999999949086775,0.9999999948729815],[0.9999999945841832,0.9999999945382286,0.9999999944928704,0.9999999944481581,0.9999999944041331,0.9999999943608286,0.9999999943182699,0.9999999942764742],[0.9999999924268335,0.9999999920437662,0.9999999915767154,0.9999999910077638,0.999999990314986,0.9999999894714018,0.9999999884436435,0.9999999871902477],[0.9998703152546493,0.9998360644487351,0.9997977610115877,0.9997558598138756,0.9997108818601789,0.9996633766631275,0.9996138926165361,0.9995629556313053],[0.9982309695498792,0.998164358848387,0.998099733079773,0.9980371571183602,0.997976684198,0.9979183569765067,0.9978622084980829,0.9978082630657105]],"type":"surface","scene":"scene2"},{"colorscale":[[0.0,"#0d0887"],[0.1111111111111111,"#46039f"],[0.2222222222222222,"#7201a8"],[0.3333333333333333,"#9c179e"],[0.4444444444444444,"#bd3786"],[0.5555555555555556,"#d8576b"],[0.6666666666666666,"#ed7953"],[0.7777777777777778,"#fb9f3a"],[0.8888888888888888,"#fdca26"],[1.0,"#f0f921"]],"name":"NN","showlegend":true,"showscale":false,"x":[-0.0772377082793561,-0.055169791628111496,-0.033101874976866896,-0.011033958325622303,0.01103395832562229,0.033101874976866896,0.055169791628111475,0.07723770827935608],"y":[0.24240772690723,0.48480545381446,0.72720318072169,0.96960090762892,1.21199863453615,1.45439636144338,1.69679408835061,1.93919181525784],"z":[[0.9999999950712164,0.9999999950368497,0.9999999950023184,0.9999999949676349,0.9999999949328114,0.9999999948978596,0.9999999948627906,0.9999999948276148],[0.9999999950870284,0.9999999950526302,0.9999999950180456,0.999999994983286,0.9999999949483621,0.9999999949132844,0.999999994878063,0.9999999948427072],[0.999999995102821,0.9999999950683948,0.9999999950337608,0.9999999949989291,0.9999999949639095,0.9999999949287112,0.9999999948933428,0.9999999948578129],[0.9999999951186282,0.9999999950841797,0.9999999950495023,0.9999999950146052,0.9999999949794967,0.9999999949441849,0.9999999949086775,0.9999999948729815],[0.9999999951344668,0.9999999951000029,0.9999999950652898,0.9999999950303352,0.9999999949951462,0.9999999949597299,0.9999999949240927,0.9999999948882405],[0.9999999951503409,0.9999999951158698,0.9999999950811295,0.9999999950461262,0.9999999950108662,0.9999999949753553,0.9999999949395987,0.9999999949036011],[0.9999999951662463,0.9999999951317766,0.9999999950970181,0.9999999950619758,0.9999999950266549,0.9999999949910598,0.9999999949551946,0.9999999949190631],[0.9999999951821731,0.9999999951477136,0.9999999951129462,0.9999999950778747,0.9999999950425031,0.9999999950068347,0.9999999949708723,0.9999999949346186]],"type":"surface","scene":"scene3"},{"colorscale":[[0.0,"#0d0887"],[0.1111111111111111,"#46039f"],[0.2222222222222222,"#7201a8"],[0.3333333333333333,"#9c179e"],[0.4444444444444444,"#bd3786"],[0.5555555555555556,"#d8576b"],[0.6666666666666666,"#ed7953"],[0.7777777777777778,"#fb9f3a"],[0.8888888888888888,"#fdca26"],[1.0,"#f0f921"]],"name":"NN","showlegend":true,"showscale":false,"x":[0.06157894736842105,0.1131578947368421,0.16473684210526315,0.2163157894736842,0.26789473684210524,0.3194736842105263,0.37105263157894736,0.4226315789473684,0.47421052631578947,0.5257894736842105,0.5773684210526315,0.6289473684210526,0.6805263157894736,0.7321052631578947,0.7836842105263158,0.8352631578947368,0.8868421052631579,0.9384210526315789],"y":[0.144560514746047,0.289111029492094,0.433661544238141,0.5782120589841879,0.7227625737302349,0.867313088476282,1.011863603222329,1.156414117968376],"z":[[0.9992174954933212,0.9999999690595558,0.9999999904505797,0.9999999938934023,0.9999999951603802,0.9999999958909587,0.9999999963255634,0.9999999965882672,0.9999999967550655,0.9999999968678832,0.9999999969491447,0.9999999970109786,0.9999999970601451,0.999999997100561,0.9999999971345993,0.9999999971637681,0.9999999971890744,0.9999999972112252],[0.9130687328030809,0.9872723862395753,0.999999971293784,0.9999999905031305,0.9999999937811658,0.999999994863474,0.9999999955608203,0.9999999960622549,0.9999999963951249,0.9999999966129259,0.9999999967601481,0.9999999968649119,0.9999999969434819,0.999999997005096,0.999999997055084,0.999999997096633,0.9999999971317475,0.999999997161765],[0.8860087909555081,0.9607300327710881,0.9896178526855326,0.9999994040182881,0.9999999902593343,0.9999999935120969,0.9999999946424629,0.9999999951970852,0.9999999956950861,0.9999999960991318,0.9999999963885011,0.9999999965888846,0.9999999967304831,0.9999999968348787,0.9999999969153844,0.9999999969798599,0.9999999970329546,0.999999997077502],[0.8724873027129937,0.9468535592514805,0.9766382981890286,0.9916420022081843,0.9996591324233329,0.999999988910054,0.9999999932484857,0.9999999945421335,0.9999999950146052,0.9999999953552727,0.9999999957442676,0.9999999960917476,0.9999999963556169,0.9999999965459339,0.9999999966846755,0.9999999967896169,0.9999999968723109,0.9999999969397638],[0.8643069896828027,0.9387208001053852,0.9686343946456456,0.9841604482168514,0.9931409233517206,0.9985936177607487,0.9999998896488266,0.9999999932723573,0.9999999944481581,0.999999995028,0.999999995227522,0.9999999954493823,0.9999999957658255,0.9999999960741802,0.9999999963192674,0.9999999965008249,0.9999999966356502,0.9999999967392618],[0.8587991951831329,0.9332938432704609,0.9634209835210181,0.9791347433533172,0.9884443399686307,0.9942983693673816,0.9981023197413811,0.9999816580143033,0.9999999910077638,0.9999999944284774,0.9999999950494104,0.9999999953076472,0.9999999953721903,0.9999999955158142,0.99999999577885,0.9999999960580013,0.9999999962884463,0.9999999964619873],[0.8548813739757766,0.9293378074237337,0.9596762975740101,0.9755980563588326,0.9850933487300237,0.9911769766476263,0.9952238091213372,0.9979795744758118,0.9997558598138756,0.9999999268999845,0.9999999944349162,0.999999995054412,0.999999995398392,0.9999999954939178,0.9999999954817007,0.9999999955678848,0.9999999957885253,0.9999999960449312],[0.8519866789336624,0.9263310812008443,0.9568089596928091,0.9729272652126361,0.9825964602575222,0.988845087637664,0.9930676971682707,0.9959885542311471,0.9980371571183602,0.9994647646436349,0.9999956543669382,0.9999999896458195,0.9999999951640474,0.9999999954429641,0.999999995626277,0.9999999956310902,0.9999999955702085,0.9999999956109131]],"type":"surface","scene":"scene4"},{"colorscale":[[0.0,"#0d0887"],[0.1111111111111111,"#46039f"],[0.2222222222222222,"#7201a8"],[0.3333333333333333,"#9c179e"],[0.4444444444444444,"#bd3786"],[0.5555555555555556,"#d8576b"],[0.6666666666666666,"#ed7953"],[0.7777777777777778,"#fb9f3a"],[0.8888888888888888,"#fdca26"],[1.0,"#f0f921"]],"name":"NN","showlegend":true,"showscale":false,"x":[0.06157894736842105,0.1131578947368421,0.16473684210526315,0.2163157894736842,0.26789473684210524,0.3194736842105263,0.37105263157894736,0.4226315789473684,0.47421052631578947,0.5257894736842105,0.5773684210526315,0.6289473684210526,0.6805263157894736,0.7321052631578947,0.7836842105263158,0.8352631578947368,0.8868421052631579,0.9384210526315789],"y":[0.24240772690723,0.48480545381446,0.72720318072169,0.96960090762892,1.21199863453615,1.45439636144338,1.69679408835061,1.93919181525784],"z":[[0.8723754149072718,0.9466123660699713,0.9763760461554294,0.99137178058739,0.9994578926430947,0.9999999878998613,0.9999999932106431,0.9999999944946563,0.9999999949676349,0.9999999953046632,0.9999999956949435,0.9999999960484426,0.9999999963193854,0.9999999965160082,0.9999999966599149,0.9999999967690146,0.9999999968550748,0.9999999969252823],[0.8724049507176751,0.9466917672394672,0.9764651882304729,0.9914631165277282,0.9995312126548135,0.9999999882936745,0.9999999932224132,0.9999999945103446,0.999999994983286,0.9999999953215436,0.9999999957114127,0.999999996062922,0.9999999963315187,0.9999999965260458,0.9999999966682326,0.9999999967759452,0.9999999968608806,0.9999999969301666],[0.8724450793615007,0.9467727553947216,0.9765526135654665,0.9915530819327012,0.9995983011098997,0.9999999886267562,0.9999999932350068,0.9999999945261475,0.9999999949989291,0.9999999953384131,0.9999999957278616,0.9999999960773669,0.9999999963436053,0.9999999965360289,0.9999999966764926,0.9999999967828178,0.9999999968666301,0.9999999969349971],[0.8724873027129937,0.9468535592514805,0.9766382981890286,0.9916420022081843,0.9996591324233329,0.999999988910054,0.9999999932484857,0.9999999945421335,0.9999999950146052,0.9999999953552727,0.9999999957442676,0.9999999960917476,0.9999999963556169,0.9999999965459339,0.9999999966846755,0.9999999967896169,0.9999999968723109,0.9999999969397638],[0.8725281357406717,0.9469336487086617,0.9767225039865567,0.991730215940393,0.9997137280813716,0.9999999891522643,0.9999999932628774,0.9999999945583409,0.9999999950303352,0.9999999953721173,0.9999999957606107,0.9999999961060406,0.9999999963675319,0.9999999965557423,0.9999999966927668,0.999999996796331,0.9999999968779137,0.9999999969444598],[0.87256665080854,0.9470130693884432,0.97680557181704,0.9918180227595743,0.9997621698626974,0.9999999893603564,0.9999999932781825,0.9999999945747855,0.9999999950461262,0.9999999953889377,0.9999999957768732,0.9999999961202266,0.9999999963793332,0.9999999965654405,0.9999999967007553,0.9999999968029515,0.999999996883432,0.9999999969490797],[0.8726031335544221,0.9470920916094532,0.9768878234205156,0.9919056651876343,0.9998046143613016,0.9999999895399692,0.9999999932943802,0.9999999945914676,0.9999999950619758,0.9999999954057222,0.9999999957930384,0.9999999961342896,0.9999999963910072,0.9999999965750176,0.9999999967086329,0.9999999968094718,0.9999999968888609,0.99999999695362],[0.87263836224175,0.9471710324544734,0.9769695206359292,0.991993326980516,0.9998413028213607,0.9999999896957082,0.9999999933114336,0.9999999946083755,0.9999999950778747,0.9999999954224574,0.9999999958090918,0.9999999961482161,0.9999999964025432,0.9999999965844654,0.9999999967163933,0.9999999968158877,0.9999999968941969,0.999999996958078]],"type":"surface","scene":"scene5"},{"colorscale":[[0.0,"#0d0887"],[0.1111111111111111,"#46039f"],[0.2222222222222222,"#7201a8"],[0.3333333333333333,"#9c179e"],[0.4444444444444444,"#bd3786"],[0.5555555555555556,"#d8576b"],[0.6666666666666666,"#ed7953"],[0.7777777777777778,"#fb9f3a"],[0.8888888888888888,"#fdca26"],[1.0,"#f0f921"]],"name":"NN","showlegend":true,"showscale":false,"x":[0.06157894736842105,0.1131578947368421,0.16473684210526315,0.2163157894736842,0.26789473684210524,0.3194736842105263,0.37105263157894736,0.4226315789473684,0.47421052631578947,0.5257894736842105,0.5773684210526315,0.6289473684210526,0.6805263157894736,0.7321052631578947,0.7836842105263158,0.8352631578947368,0.8868421052631579,0.9384210526315789],"y":[-0.0772377082793561,-0.055169791628111496,-0.033101874976866896,-0.011033958325622303,0.01103395832562229,0.033101874976866896,0.055169791628111475,0.07723770827935608],"z":[[0.8739685170985385,0.948218234357284,0.9778604790091359,0.9926243656701234,0.9999010712259596,0.9999999903353646,0.9999999935392228,0.999999994710537,0.9999999951186282,0.9999999954251658,0.9999999957855574,0.9999999961157415,0.9999999963715143,0.9999999965584396,0.9999999966958497,0.9999999968003372,0.9999999968829519,0.9999999969504764],[0.8734561018337476,0.9477473636621572,0.9774396531801974,0.9922893322049137,0.9998420967715509,0.9999999899415252,0.9999999934419759,0.9999999946549963,0.9999999950841797,0.9999999954019436,0.9999999957717548,0.9999999961076385,0.9999999963660866,0.9999999965541398,0.9999999966920001,0.9999999967966485,0.9999999968792995,0.9999999969468095],[0.8729625604966224,0.9472926223500361,0.977032265562202,0.9919617606384096,0.9997618295906369,0.9999999894726104,0.9999999933450215,0.9999999945988461,0.9999999950495023,0.999999995378646,0.9999999957579927,0.9999999960996413,0.9999999963607878,0.9999999965499713,0.9999999966882753,0.9999999967930748,0.9999999968757523,0.9999999969432383],[0.8724873027129937,0.9468535592514805,0.9766382981890286,0.9916420022081843,0.9996591324233329,0.999999988910054,0.9999999932484857,0.9999999945421335,0.9999999950146052,0.9999999953552727,0.9999999957442676,0.9999999960917476,0.9999999963556169,0.9999999965459339,0.9999999966846755,0.9999999967896169,0.9999999968723109,0.9999999969397638],[0.872029786272027,0.9464297361048628,0.9762576960179424,0.9913303662077696,0.9995345574088603,0.9999999882310481,0.9999999931524758,0.9999999944849064,0.9999999949794967,0.9999999953318229,0.9999999957305747,0.9999999960839543,0.9999999963505725,0.9999999965420272,0.9999999966812012,0.9999999967862755,0.9999999968689763,0.9999999969363873],[0.8715895157154722,0.9460207296366185,0.975890371414578,0.9910271217470972,0.9993900552689996,0.9999999874074292,0.9999999930570813,0.9999999944272129,0.9999999949441849,0.9999999953082953,0.9999999957169089,0.9999999960762574,0.9999999963456523,0.9999999965382506,0.999999996677852,0.9999999967830504,0.9999999968657489,0.999999996933109],[0.8711660406857399,0.9456261332094191,0.9755362084318556,0.9907324993536241,0.9992285017379021,0.9999999864042395,0.9999999929623731,0.9999999943691009,0.9999999949086775,0.9999999952846881,0.9999999957032638,0.9999999960686524,0.9999999963408539,0.9999999965346024,0.9999999966746274,0.9999999967799418,0.9999999968626287,0.9999999969299298],[0.8707589540677875,0.9452455580755027,0.9751950668440099,0.9904466925435597,0.9990532146311366,0.9999999851778758,0.9999999928684035,0.9999999943106175,0.9999999948729815,0.9999999952609986,0.9999999956896324,0.9999999960611339,0.9999999963361741,0.9999999965310808,0.9999999966715262,0.9999999967769491,0.999999996859616,0.9999999969268495]],"type":"surface","scene":"scene6"}],"layout":{"template":{"data":{"histogram2dcontour":[{"type":"histogram2dcontour","colorbar":{"outlinewidth":0,"ticks":""},"colorscale":[[0.0,"#0d0887"],[0.1111111111111111,"#46039f"],[0.2222222222222222,"#7201a8"],[0.3333333333333333,"#9c179e"],[0.4444444444444444,"#bd3786"],[0.5555555555555556,"#d8576b"],[0.6666666666666666,"#ed7953"],[0.7777777777777778,"#fb9f3a"],[0.8888888888888888,"#fdca26"],[1.0,"#f0f921"]]}],"choropleth":[{"type":"choropleth","colorbar":{"outlinewidth":0,"ticks":""}}],"histogram2d":[{"type":"histogram2d","colorbar":{"outlinewidth":0,"ticks":""},"colorscale":[[0.0,"#0d0887"],[0.1111111111111111,"#46039f"],[0.2222222222222222,"#7201a8"],[0.3333333333333333,"#9c179e"],[0.4444444444444444,"#bd3786"],[0.5555555555555556,"#d8576b"],[0.6666666666666666,"#ed7953"],[0.7777777777777778,"#fb9f3a"],[0.8888888888888888,"#fdca26"],[1.0,"#f0f921"]]}],"heatmap":[{"type":"heatmap","colorbar":{"outlinewidth":0,"ticks":""},"colorscale":[[0.0,"#0d0887"],[0.1111111111111111,"#46039f"],[0.2222222222222222,"#7201a8"],[0.3333333333333333,"#9c179e"],[0.4444444444444444,"#bd3786"],[0.5555555555555556,"#d8576b"],[0.6666666666666666,"#ed7953"],[0.7777777777777778,"#fb9f3a"],[0.8888888888888888,"#fdca26"],[1.0,"#f0f921"]]}],"heatmapgl":[{"type":"heatmapgl","colorbar":{"outlinewidth":0,"ticks":""},"colorscale":[[0.0,"#0d0887"],[0.1111111111111111,"#46039f"],[0.2222222222222222,"#7201a8"],[0.3333333333333333,"#9c179e"],[0.4444444444444444,"#bd3786"],[0.5555555555555556,"#d8576b"],[0.6666666666666666,"#ed7953"],[0.7777777777777778,"#fb9f3a"],[0.8888888888888888,"#fdca26"],[1.0,"#f0f921"]]}],"contourcarpet":[{"type":"contourcarpet","colorbar":{"outlinewidth":0,"ticks":""}}],"contour":[{"type":"contour","colorbar":{"outlinewidth":0,"ticks":""},"colorscale":[[0.0,"#0d0887"],[0.1111111111111111,"#46039f"],[0.2222222222222222,"#7201a8"],[0.3333333333333333,"#9c179e"],[0.4444444444444444,"#bd3786"],[0.5555555555555556,"#d8576b"],[0.6666666666666666,"#ed7953"],[0.7777777777777778,"#fb9f3a"],[0.8888888888888888,"#fdca26"],[1.0,"#f0f921"]]}],"surface":[{"type":"surface","colorbar":{"outlinewidth":0,"ticks":""},"colorscale":[[0.0,"#0d0887"],[0.1111111111111111,"#46039f"],[0.2222222222222222,"#7201a8"],[0.3333333333333333,"#9c179e"],[0.4444444444444444,"#bd3786"],[0.5555555555555556,"#d8576b"],[0.6666666666666666,"#ed7953"],[0.7777777777777778,"#fb9f3a"],[0.8888888888888888,"#fdca26"],[1.0,"#f0f921"]]}],"mesh3d":[{"type":"mesh3d","colorbar":{"outlinewidth":0,"ticks":""}}],"scatter":[{"fillpattern":{"fillmode":"overlay","size":10,"solidity":0.2},"type":"scatter"}],"parcoords":[{"type":"parcoords","line":{"colorbar":{"outlinewidth":0,"ticks":""}}}],"scatterpolargl":[{"type":"scatterpolargl","marker":{"colorbar":{"outlinewidth":0,"ticks":""}}}],"bar":[{"error_x":{"color":"#2a3f5f"},"error_y":{"color":"#2a3f5f"},"marker":{"line":{"color":"#E5ECF6","width":0.5},"pattern":{"fillmode":"overlay","size":10,"solidity":0.2}},"type":"bar"}],"scattergeo":[{"type":"scattergeo","marker":{"colorbar":{"outlinewidth":0,"ticks":""}}}],"scatterpolar":[{"type":"scatterpolar","marker":{"colorbar":{"outlinewidth":0,"ticks":""}}}],"histogram":[{"marker":{"pattern":{"fillmode":"overlay","size":10,"solidity":0.2}},"type":"histogram"}],"scattergl":[{"type":"scattergl","marker":{"colorbar":{"outlinewidth":0,"ticks":""}}}],"scatter3d":[{"type":"scatter3d","line":{"colorbar":{"outlinewidth":0,"ticks":""}},"marker":{"colorbar":{"outlinewidth":0,"ticks":""}}}],"scattermapbox":[{"type":"scattermapbox","marker":{"colorbar":{"outlinewidth":0,"ticks":""}}}],"scatterternary":[{"type":"scatterternary","marker":{"colorbar":{"outlinewidth":0,"ticks":""}}}],"scattercarpet":[{"type":"scattercarpet","marker":{"colorbar":{"outlinewidth":0,"ticks":""}}}],"carpet":[{"aaxis":{"endlinecolor":"#2a3f5f","gridcolor":"white","linecolor":"white","minorgridcolor":"white","startlinecolor":"#2a3f5f"},"baxis":{"endlinecolor":"#2a3f5f","gridcolor":"white","linecolor":"white","minorgridcolor":"white","startlinecolor":"#2a3f5f"},"type":"carpet"}],"table":[{"cells":{"fill":{"color":"#EBF0F8"},"line":{"color":"white"}},"header":{"fill":{"color":"#C8D4E3"},"line":{"color":"white"}},"type":"table"}],"barpolar":[{"marker":{"line":{"color":"#E5ECF6","width":0.5},"pattern":{"fillmode":"overlay","size":10,"solidity":0.2}},"type":"barpolar"}],"pie":[{"automargin":true,"type":"pie"}]},"layout":{"autotypenumbers":"strict","colorway":["#636efa","#EF553B","#00cc96","#ab63fa","#FFA15A","#19d3f3","#FF6692","#B6E880","#FF97FF","#FECB52"],"font":{"color":"#2a3f5f"},"hovermode":"closest","hoverlabel":{"align":"left"},"paper_bgcolor":"white","plot_bgcolor":"#E5ECF6","polar":{"bgcolor":"#E5ECF6","angularaxis":{"gridcolor":"white","linecolor":"white","ticks":""},"radialaxis":{"gridcolor":"white","linecolor":"white","ticks":""}},"ternary":{"bgcolor":"#E5ECF6","aaxis":{"gridcolor":"white","linecolor":"white","ticks":""},"baxis":{"gridcolor":"white","linecolor":"white","ticks":""},"caxis":{"gridcolor":"white","linecolor":"white","ticks":""}},"coloraxis":{"colorbar":{"outlinewidth":0,"ticks":""}},"colorscale":{"sequential":[[0.0,"#0d0887"],[0.1111111111111111,"#46039f"],[0.2222222222222222,"#7201a8"],[0.3333333333333333,"#9c179e"],[0.4444444444444444,"#bd3786"],[0.5555555555555556,"#d8576b"],[0.6666666666666666,"#ed7953"],[0.7777777777777778,"#fb9f3a"],[0.8888888888888888,"#fdca26"],[1.0,"#f0f921"]],"sequentialminus":[[0.0,"#0d0887"],[0.1111111111111111,"#46039f"],[0.2222222222222222,"#7201a8"],[0.3333333333333333,"#9c179e"],[0.4444444444444444,"#bd3786"],[0.5555555555555556,"#d8576b"],[0.6666666666666666,"#ed7953"],[0.7777777777777778,"#fb9f3a"],[0.8888888888888888,"#fdca26"],[1.0,"#f0f921"]],"diverging":[[0,"#8e0152"],[0.1,"#c51b7d"],[0.2,"#de77ae"],[0.3,"#f1b6da"],[0.4,"#fde0ef"],[0.5,"#f7f7f7"],[0.6,"#e6f5d0"],[0.7,"#b8e186"],[0.8,"#7fbc41"],[0.9,"#4d9221"],[1,"#276419"]]},"xaxis":{"gridcolor":"white","linecolor":"white","ticks":"","title":{"standoff":15},"zerolinecolor":"white","automargin":true,"zerolinewidth":2},"yaxis":{"gridcolor":"white","linecolor":"white","ticks":"","title":{"standoff":15},"zerolinecolor":"white","automargin":true,"zerolinewidth":2},"scene":{"xaxis":{"backgroundcolor":"#E5ECF6","gridcolor":"white","linecolor":"white","showbackground":true,"ticks":"","zerolinecolor":"white","gridwidth":2},"yaxis":{"backgroundcolor":"#E5ECF6","gridcolor":"white","linecolor":"white","showbackground":true,"ticks":"","zerolinecolor":"white","gridwidth":2},"zaxis":{"backgroundcolor":"#E5ECF6","gridcolor":"white","linecolor":"white","showbackground":true,"ticks":"","zerolinecolor":"white","gridwidth":2}},"shapedefaults":{"line":{"color":"#2a3f5f"}},"annotationdefaults":{"arrowcolor":"#2a3f5f","arrowhead":0,"arrowwidth":1},"geo":{"bgcolor":"white","landcolor":"#E5ECF6","subunitcolor":"white","showland":true,"showlakes":true,"lakecolor":"white"},"title":{"x":0.05},"mapbox":{"style":"light"}}},"scene":{"domain":{"x":[0.0,0.125],"y":[0.0,1.0]},"xaxis":{"title":{"text":"V"}},"yaxis":{"title":{"text":"Vtilde"}},"zaxis":{"title":{"text":"kappa"}}},"scene2":{"domain":{"x":[0.175,0.3],"y":[0.0,1.0]},"xaxis":{"title":{"text":"Z"}},"yaxis":{"title":{"text":"Vtilde"}},"zaxis":{"title":{"text":"kappa"}}},"scene3":{"domain":{"x":[0.35,0.475],"y":[0.0,1.0]},"xaxis":{"title":{"text":"Z"}},"yaxis":{"title":{"text":"V"}},"zaxis":{"title":{"text":"kappa"}}},"scene4":{"domain":{"x":[0.525,0.65],"y":[0.0,1.0]},"xaxis":{"title":{"text":"W"}},"yaxis":{"title":{"text":"Vtilde"}},"zaxis":{"title":{"text":"kappa"}}},"scene5":{"domain":{"x":[0.7,0.825],"y":[0.0,1.0]},"xaxis":{"title":{"text":"W"}},"yaxis":{"title":{"text":"V"}},"zaxis":{"title":{"text":"kappa"}}},"scene6":{"domain":{"x":[0.875,1.0],"y":[0.0,1.0]},"xaxis":{"title":{"text":"W"}},"yaxis":{"title":{"text":"Z"}},"zaxis":{"title":{"text":"kappa"}}},"annotations":[{"font":{"size":16},"showarrow":false,"text":"W fixed at 0.4742, Z fixed at -0.0110<br> MFR Suite Not Solved.","x":0.0625,"xanchor":"center","xref":"paper","y":1.0,"yanchor":"bottom","yref":"paper"},{"font":{"size":16},"showarrow":false,"text":"W fixed at 0.4742, V fixed at 0.9696<br> MFR Suite Not Solved.","x":0.2375,"xanchor":"center","xref":"paper","y":1.0,"yanchor":"bottom","yref":"paper"},{"font":{"size":16},"showarrow":false,"text":"W fixed at 0.4742, Vtilde fixed at 0.5782<br> MFR Suite Not Solved.","x":0.4125,"xanchor":"center","xref":"paper","y":1.0,"yanchor":"bottom","yref":"paper"},{"font":{"size":16},"showarrow":false,"text":"Z fixed at -0.0110, V fixed at 0.9696<br> MFR Suite Not Solved.","x":0.5875,"xanchor":"center","xref":"paper","y":1.0,"yanchor":"bottom","yref":"paper"},{"font":{"size":16},"showarrow":false,"text":"Z fixed at -0.0110, Vtilde fixed at 0.5782<br> MFR Suite Not Solved.","x":0.7625,"xanchor":"center","xref":"paper","y":1.0,"yanchor":"bottom","yref":"paper"},{"font":{"size":16},"showarrow":false,"text":"V fixed at 0.9696, Vtilde fixed at 0.5782<br> MFR Suite Not Solved.","x":0.9375,"xanchor":"center","xref":"paper","y":1.0,"yanchor":"bottom","yref":"paper"}],"title":{"text":"MRF vs NN - Kappa Policy Function Interior<br><span style=\"font-size: 12px;\"> chiUnderline = 0.2, a_e = 0.15, a_h = 0.05, gamma_e = 1.0, gamma_h = 3.0, psi_e = 1.5, psi_h = 0.5</span>","x":0.5,"y":0.97,"yanchor":"top"},"height":700,"width":3500,"margin":{"t":150}}}