{"data":[{"colorscale":[[0.0,"#0d0887"],[0.1111111111111111,"#46039f"],[0.2222222222222222,"#7201a8"],[0.3333333333333333,"#9c179e"],[0.4444444444444444,"#bd3786"],[0.5555555555555556,"#d8576b"],[0.6666666666666666,"#ed7953"],[0.7777777777777778,"#fb9f3a"],[0.8888888888888888,"#fdca26"],[1.0,"#f0f921"]],"name":"NN","showlegend":true,"showscale":false,"x":[0.24240772690723,0.48480545381446,0.72720318072169,0.96960090762892,1.21199863453615,1.45439636144338,1.69679408835061,1.93919181525784],"y":[0.144560514746047,0.289111029492094,0.433661544238141,0.5782120589841879,0.7227625737302349,0.867313088476282,1.011863603222329,1.156414117968376],"z":[[0.9999999998602459,0.9999999998597989,0.9999999998593717,0.9999999998589643,0.9999999998585765,0.9999999998582079,0.999999999857858,0.9999999998575264],[0.9999999997847568,0.9999999997849861,0.999999999785232,0.999999999785493,0.9999999997857678,0.999999999786055,0.9999999997863536,0.9999999997866622],[0.9999999995013156,0.9999999995060562,0.9999999995107012,0.9999999995152491,0.999999999519699,0.9999999995240508,0.9999999995283052,0.9999999995324632],[0.9999999969044617,0.9999999970034552,0.9999999970977455,0.9999999971873892,0.9999999972724802,0.999999997353143,0.9999999974295253,0.999999997501792],[0.999999980983378,0.9999999812562382,0.999999981526984,0.9999999817953801,0.9999999820611509,0.999999982323986,0.9999999825835466,0.9999999828394744],[0.9999999494952855,0.9999999516738429,0.9999999535383916,0.9999999551504044,0.9999999565572896,0.9999999577958212,0.9999999588947116,0.9999999598765429],[0.9994934555808977,0.9995554517171804,0.9996153771698,0.999672288497374,0.9997252571770335,0.9997734620110976,0.9998162813317634,0.9998533646359672],[0.9977484294454544,0.9978014282074011,0.9978542833759522,0.9979068221489272,0.997958872708653,0.9980102661344673,0.998060838239973,0.9981104312669592]],"type":"surface","scene":"scene"},{"colorscale":[[0.0,"#0d0887"],[0.1111111111111111,"#46039f"],[0.2222222222222222,"#7201a8"],[0.3333333333333333,"#9c179e"],[0.4444444444444444,"#bd3786"],[0.5555555555555556,"#d8576b"],[0.6666666666666666,"#ed7953"],[0.7777777777777778,"#fb9f3a"],[0.8888888888888888,"#fdca26"],[1.0,"#f0f921"]],"name":"NN","showlegend":true,"showscale":false,"x":[-0.0772377082793561,-0.055169791628111496,-0.033101874976866896,-0.011033958325622303,0.01103395832562229,0.033101874976866896,0.055169791628111475,0.07723770827935608],"y":[0.144560514746047,0.289111029492094,0.433661544238141,0.5782120589841879,0.7227625737302349,0.867313088476282,1.011863603222329,1.156414117968376],"z":[[0.9999999998549163,0.9999999998563237,0.9999999998576724,0.9999999998589643,0.9999999998602015,0.9999999998613859,0.9999999998625195,0.9999999998636043],[0.9999999997754351,0.9999999997788879,0.9999999997822402,0.999999999785493,0.9999999997886476,0.9999999997917054,0.9999999997946678,0.9999999997975363],[0.9999999994964734,0.9999999995027409,0.9999999995090002,0.9999999995152491,0.9999999995214851,0.9999999995277056,0.999999999533908,0.9999999995400891],[0.999999997413293,0.9999999973415388,0.9999999972662541,0.9999999971873892,0.9999999971049158,0.9999999970188316,0.9999999969291629,0.9999999968359689],[0.9999999828889513,0.9999999825122337,0.9999999821478687,0.9999999817953801,0.9999999814539867,0.9999999811226287,0.9999999808000002,0.9999999804845845],[0.9999999617513409,0.9999999599613856,0.9999999578126387,0.9999999551504044,0.9999999517240563,0.9999999471151371,0.9999999406001637,0.9999999308741083],[0.9999327165589766,0.9998710447096998,0.9997825909034946,0.999672288497374,0.9995485721493572,0.9994195309560232,0.9992908223097375,0.9991654964184217],[0.9982578495571226,0.9981387427992379,0.9980216892830396,0.9979068221489272,0.9977942882852834,0.9976842313255967,0.9975767811319187,0.9974720483338908]],"type":"surface","scene":"scene2"},{"colorscale":[[0.0,"#0d0887"],[0.1111111111111111,"#46039f"],[0.2222222222222222,"#7201a8"],[0.3333333333333333,"#9c179e"],[0.4444444444444444,"#bd3786"],[0.5555555555555556,"#d8576b"],[0.6666666666666666,"#ed7953"],[0.7777777777777778,"#fb9f3a"],[0.8888888888888888,"#fdca26"],[1.0,"#f0f921"]],"name":"NN","showlegend":true,"showscale":false,"x":[-0.0772377082793561,-0.055169791628111496,-0.033101874976866896,-0.011033958325622303,0.01103395832562229,0.033101874976866896,0.055169791628111475,0.07723770827935608],"y":[0.24240772690723,0.48480545381446,0.72720318072169,0.96960090762892,1.21199863453615,1.45439636144338,1.69679408835061,1.93919181525784],"z":[[0.9999999971634097,0.9999999970809577,0.999999996994648,0.9999999969044617,0.9999999968104089,0.9999999967125327,0.9999999966109134,0.9999999965056725],[0.9999999972509475,0.9999999971722136,0.9999999970897265,0.9999999970034552,0.9999999969133949,0.9999999968195715,0.9999999967220451,0.9999999966209138],[0.999999997334212,0.999999997259047,0.9999999971802387,0.9999999970977455,0.9999999970115503,0.9999999969216635,0.9999999968281275,0.9999999967310197],[0.999999997413293,0.9999999973415388,0.9999999972662541,0.9999999971873892,0.9999999971049158,0.9999999970188316,0.9999999969291629,0.9999999968359689],[0.9999999974883074,0.9999999974198001,0.9999999973478766,0.9999999972724802,0.9999999971935741,0.9999999971111443,0.9999999970252035,0.9999999969357947],[0.9999999975593928,0.9999999974939655,0.9999999974252364,0.999999997353143,0.9999999972776413,0.9999999971987076,0.9999999971163429,0.9999999970305761],[0.9999999976267028,0.999999997564188,0.9999999974984844,0.9999999974295253,0.9999999973572602,0.9999999972816576,0.9999999972027085,0.9999999971204294],[0.999999997690401,0.9999999976306331,0.9999999975677868,0.999999997501792,0.9999999974325937,0.9999999973601537,0.9999999972844542,0.9999999972055013]],"type":"surface","scene":"scene3"},{"colorscale":[[0.0,"#0d0887"],[0.1111111111111111,"#46039f"],[0.2222222222222222,"#7201a8"],[0.3333333333333333,"#9c179e"],[0.4444444444444444,"#bd3786"],[0.5555555555555556,"#d8576b"],[0.6666666666666666,"#ed7953"],[0.7777777777777778,"#fb9f3a"],[0.8888888888888888,"#fdca26"],[1.0,"#f0f921"]],"name":"NN","showlegend":true,"showscale":false,"x":[0.06157894736842105,0.1131578947368421,0.16473684210526315,0.2163157894736842,0.26789473684210524,0.3194736842105263,0.37105263157894736,0.4226315789473684,0.47421052631578947,0.5257894736842105,0.5773684210526315,0.6289473684210526,0.6805263157894736,0.7321052631578947,0.7836842105263158,0.8352631578947368,0.8868421052631579,0.9384210526315789],"y":[0.144560514746047,0.289111029492094,0.433661544238141,0.5782120589841879,0.7227625737302349,0.867313088476282,1.011863603222329,1.156414117968376],"z":[[0.9905975415797943,0.9999999389015606,0.9999999971776898,0.9999999993473296,0.999999999668525,0.9999999997743799,0.9999999998208662,0.9999999998449512,0.9999999998589643,0.9999999998678224,0.9999999998737545,0.9999999998778792,0.999999999880809,0.999999999882906,0.9999999998843999,0.9999999998854463,0.9999999998861566,0.9999999998866138],[0.9123363295513133,0.986807255525808,0.9999999030905317,0.9999999861446928,0.9999999981138452,0.9999999993329165,0.9999999996174623,0.999999999729748,0.999999999785493,0.9999999998169656,0.9999999998363682,0.999999999849141,0.9999999998579878,0.9999999998643668,0.9999999998691161,0.9999999998727428,0.9999999998755665,0.9999999998777958],[0.8854471047531581,0.9601097922330575,0.9891356088206332,0.9999996474867694,0.9999999682523721,0.9999999913554857,0.9999999979607044,0.9999999991688439,0.9999999995152491,0.9999999996620225,0.9999999997383834,0.9999999997828413,0.9999999998106541,0.99999999982899,0.9999999998415907,0.9999999998505573,0.9999999998571355,0.9999999998620964],[0.8721277522695043,0.9466236880535436,0.976175707442839,0.9911876298254658,0.9996455124520334,0.9999999509864552,0.9999999786683053,0.9999999914630013,0.9999999971873892,0.9999999988133114,0.9999999993388133,0.9999999995607428,0.9999999996742525,0.9999999997395067,0.9999999997798852,0.9999999998061818,0.9999999998239923,0.9999999998364523],[0.8640074356773869,0.938474617462511,0.9683740105447713,0.9838032285307858,0.9927754575198762,0.998304306434292,0.9999998721899866,0.9999999691865662,0.9999999817953801,0.999999990200941,0.9999999957242072,0.9999999981096308,0.999999999014214,0.9999999993937496,0.9999999995781959,0.9999999996792313,0.9999999997395007,0.9999999997776879],[0.858585309347744,0.9330061500981768,0.9631469736029543,0.9788784069760778,0.9881638994815136,0.9940227875194914,0.9978490575512794,0.9999850971030224,0.9999999551504044,0.9999999756160295,0.9999999832392149,0.9999999889549976,0.9999999937837304,0.999999996866633,0.9999999983895678,0.9999999990825708,0.9999999994117994,0.9999999995824113],[0.8547223741577898,0.9291046672929808,0.9594053265181471,0.9753510949825845,0.9848673259620183,0.990962721661762,0.9950245418981652,0.9977916807822199,0.999672288497374,0.9999998469816476,0.999999968778759,0.9999999792581579,0.9999999844505494,0.999999988422733,0.9999999921115271,0.9999999952184982,0.9999999973135199,0.9999999984872519],[0.8518084038651705,0.9261770875149506,0.9565953427448497,0.9726983496469381,0.982384616012056,0.9886604893841524,0.9929037843929799,0.9958426433387393,0.9979068221489272,0.9993347468485555,0.9999950990448457,0.9999999506478197,0.999999975412879,0.9999999819832249,0.999999985740515,0.9999999886059352,0.999999991250935,0.9999999937742131]],"type":"surface","scene":"scene4"},{"colorscale":[[0.0,"#0d0887"],[0.1111111111111111,"#46039f"],[0.2222222222222222,"#7201a8"],[0.3333333333333333,"#9c179e"],[0.4444444444444444,"#bd3786"],[0.5555555555555556,"#d8576b"],[0.6666666666666666,"#ed7953"],[0.7777777777777778,"#fb9f3a"],[0.8888888888888888,"#fdca26"],[1.0,"#f0f921"]],"name":"NN","showlegend":true,"showscale":false,"x":[0.06157894736842105,0.1131578947368421,0.16473684210526315,0.2163157894736842,0.26789473684210524,0.3194736842105263,0.37105263157894736,0.4226315789473684,0.47421052631578947,0.5257894736842105,0.5773684210526315,0.6289473684210526,0.6805263157894736,0.7321052631578947,0.7836842105263158,0.8352631578947368,0.8868421052631579,0.9384210526315789],"y":[0.24240772690723,0.48480545381446,0.72720318072169,0.96960090762892,1.21199863453615,1.45439636144338,1.69679408835061,1.93919181525784],"z":[[0.8720507423364521,0.9463757361586036,0.9758841958176805,0.9908804372503695,0.9994024655898712,0.9999999480391635,0.9999999777561356,0.9999999907025987,0.9999999969044617,0.9999999987236349,0.9999999993036783,0.9999999995439315,0.9999999996650992,0.9999999997341209,0.9999999997765645,0.9999999998040776,0.9999999998226428,0.999999999835591],[0.8720753101048664,0.9464589718669361,0.9759827524877387,0.9909841252516501,0.9994911995165728,0.9999999490859376,0.9999999780644039,0.9999999909630057,0.9999999970034552,0.9999999987549663,0.9999999993158587,0.9999999995497185,0.9999999996682337,0.9999999997359583,0.9999999997776942,0.9999999998047917,0.9999999998230997,0.9999999998358817],[0.8721012522046967,0.9465417506021194,0.9760800201504743,0.9910866312489344,0.999572508100645,0.9999999500670332,0.9999999783685887,0.999999991216688,0.9999999970977455,0.9999999987848435,0.9999999993275653,0.9999999995553204,0.999999999671284,0.9999999997377532,0.9999999997788009,0.999999999805493,0.9999999998235496,0.9999999998361689],[0.8721277522695043,0.9466236880535436,0.976175707442839,0.9911876298254658,0.9996455124520334,0.9999999509864552,0.9999999786683053,0.9999999914630013,0.9999999971873892,0.9999999988133114,0.9999999993388133,0.9999999995607428,0.9999999996742525,0.9999999997395067,0.9999999997798852,0.9999999998061818,0.9999999998239923,0.9999999998364523],[0.8721540551415253,0.9467044332598837,0.976269544175573,0.9912868123749924,0.9997097059588227,0.999999951847997,0.999999978963168,0.9999999917014173,0.9999999972724802,0.9999999988404208,0.9999999993496194,0.9999999995659918,0.9999999996771417,0.9999999997412199,0.9999999997809477,0.9999999998068583,0.9999999998244281,0.9999999998367318],[0.8721794681801935,0.9467836692414795,0.9763612824753723,0.9913838889533026,0.9997649835269861,0.9999999526552341,0.9999999792527922,0.9999999919315217,0.999999997353143,0.9999999988662268,0.999999999360001,0.9999999995710739,0.9999999996799545,0.999999999742894,0.9999999997819887,0.9999999998075226,0.9999999998248569,0.9999999998370076],[0.8722033617178031,0.9468611132337879,0.9764506977047959,0.9914785899688936,0.9998116227130874,0.9999999534115291,0.9999999795367985,0.9999999921530092,0.9999999974295253,0.9999999988907873,0.999999999369976,0.9999999995759954,0.9999999996826933,0.9999999997445304,0.9999999997830089,0.999999999808175,0.9999999998252789,0.9999999998372794],[0.8722251687339115,0.9469365165469917,0.9765375891484718,0.9915706676733359,0.9998502215154755,0.9999999541200397,0.9999999798148178,0.9999999923656768,0.999999997501792,0.9999999989141616,0.9999999993795627,0.9999999995807629,0.9999999996853607,0.99999999974613,0.999999999784009,0.9999999998088158,0.999999999825694,0.9999999998375474]],"type":"surface","scene":"scene5"},{"colorscale":[[0.0,"#0d0887"],[0.1111111111111111,"#46039f"],[0.2222222222222222,"#7201a8"],[0.3333333333333333,"#9c179e"],[0.4444444444444444,"#bd3786"],[0.5555555555555556,"#d8576b"],[0.6666666666666666,"#ed7953"],[0.7777777777777778,"#fb9f3a"],[0.8888888888888888,"#fdca26"],[1.0,"#f0f921"]],"name":"NN","showlegend":true,"showscale":false,"x":[0.06157894736842105,0.1131578947368421,0.16473684210526315,0.2163157894736842,0.26789473684210524,0.3194736842105263,0.37105263157894736,0.4226315789473684,0.47421052631578947,0.5257894736842105,0.5773684210526315,0.6289473684210526,0.6805263157894736,0.7321052631578947,0.7836842105263158,0.8352631578947368,0.8868421052631579,0.9384210526315789],"y":[-0.0772377082793561,-0.055169791628111496,-0.033101874976866896,-0.011033958325622303,0.01103395832562229,0.033101874976866896,0.055169791628111475,0.07723770827935608],"z":[[0.8735918981188783,0.9480721229396954,0.9775022106215221,0.9923899819462448,0.9999795689541754,0.9999999570054892,0.9999999802564836,0.9999999924489738,0.999999997413293,0.9999999988422344,0.9999999993333801,0.9999999995509414,0.9999999996655591,0.9999999997326195,0.9999999997745539,0.9999999998020384,0.9999999998207258,0.9999999998338296],[0.8730894949353716,0.9475749848582168,0.9770457112962624,0.9919763572334345,0.9999366079466175,0.9999999552067314,0.9999999797151623,0.9999999921281312,0.9999999973415388,0.9999999988329716,0.9999999993351893,0.9999999995541983,0.9999999996684622,0.9999999997349285,0.9999999997763463,0.9999999998034342,0.999999999821828,0.9999999998347152],[0.8726015310510735,0.9470923031844577,0.9766036285013778,0.9915755589720039,0.999833728164666,0.9999999532146102,0.9999999791858819,0.9999999917990183,0.9999999972662541,0.9999999988233288,0.9999999993369986,0.9999999995574649,0.9999999996713599,0.9999999997372241,0.9999999997781234,0.9999999998048154,0.9999999998229167,0.9999999998355895],[0.8721277522695043,0.9466236880535436,0.976175707442839,0.9911876298254658,0.9996455124520334,0.9999999509864552,0.9999999786683053,0.9999999914630013,0.9999999971873892,0.9999999988133114,0.9999999993388133,0.9999999995607428,0.9999999996742525,0.9999999997395067,0.9999999997798852,0.9999999998061818,0.9999999998239923,0.9999999998364523],[0.8716679269846053,0.9461687740953937,0.9757616863123859,0.9908125458591598,0.9993756774728126,0.9999999484618861,0.9999999781616419,0.9999999911216292,0.9999999971049158,0.9999999988029267,0.9999999993406394,0.999999999564034,0.9999999996771405,0.9999999997417763,0.999999999781632,0.9999999998075337,0.9999999998250549,0.9999999998373038],[0.8712218450706172,0.9457272201866851,0.975361299773882,0.9904502402271322,0.9990540721703267,0.9999999455516433,0.9999999776646863,0.9999999907766152,0.9999999970188316,0.9999999987921849,0.9999999993424832,0.99999999956734,0.9999999996800243,0.9999999997440333,0.9999999997833638,0.9999999998088712,0.9999999998261045,0.999999999838144],[0.870789316821777,0.945298709095483,0.9749742822373788,0.9901006200643141,0.9987143341061622,0.9999999421185313,0.999999977175869,0.9999999904298096,0.9999999969291629,0.9999999987810989,0.9999999993443511,0.9999999995706627,0.9999999996829044,0.9999999997462775,0.9999999997850807,0.9999999998101943,0.9999999998271412,0.9999999998389731],[0.8703701719372614,0.9448829470462999,0.9746003708582579,0.9897635776423941,0.998379072058263,0.9999999379443627,0.9999999766933136,0.9999999900831664,0.9999999968359689,0.9999999987696848,0.9999999993462501,0.9999999995740037,0.9999999996857809,0.9999999997485091,0.9999999997867827,0.9999999998115029,0.999999999828165,0.9999999998397912]],"type":"surface","scene":"scene6"}],"layout":{"template":{"data":{"histogram2dcontour":[{"type":"histogram2dcontour","colorbar":{"outlinewidth":0,"ticks":""},"colorscale":[[0.0,"#0d0887"],[0.1111111111111111,"#46039f"],[0.2222222222222222,"#7201a8"],[0.3333333333333333,"#9c179e"],[0.4444444444444444,"#bd3786"],[0.5555555555555556,"#d8576b"],[0.6666666666666666,"#ed7953"],[0.7777777777777778,"#fb9f3a"],[0.8888888888888888,"#fdca26"],[1.0,"#f0f921"]]}],"choropleth":[{"type":"choropleth","colorbar":{"outlinewidth":0,"ticks":""}}],"histogram2d":[{"type":"histogram2d","colorbar":{"outlinewidth":0,"ticks":""},"colorscale":[[0.0,"#0d0887"],[0.1111111111111111,"#46039f"],[0.2222222222222222,"#7201a8"],[0.3333333333333333,"#9c179e"],[0.4444444444444444,"#bd3786"],[0.5555555555555556,"#d8576b"],[0.6666666666666666,"#ed7953"],[0.7777777777777778,"#fb9f3a"],[0.8888888888888888,"#fdca26"],[1.0,"#f0f921"]]}],"heatmap":[{"type":"heatmap","colorbar":{"outlinewidth":0,"ticks":""},"colorscale":[[0.0,"#0d0887"],[0.1111111111111111,"#46039f"],[0.2222222222222222,"#7201a8"],[0.3333333333333333,"#9c179e"],[0.4444444444444444,"#bd3786"],[0.5555555555555556,"#d8576b"],[0.6666666666666666,"#ed7953"],[0.7777777777777778,"#fb9f3a"],[0.8888888888888888,"#fdca26"],[1.0,"#f0f921"]]}],"heatmapgl":[{"type":"heatmapgl","colorbar":{"outlinewidth":0,"ticks":""},"colorscale":[[0.0,"#0d0887"],[0.1111111111111111,"#46039f"],[0.2222222222222222,"#7201a8"],[0.3333333333333333,"#9c179e"],[0.4444444444444444,"#bd3786"],[0.5555555555555556,"#d8576b"],[0.6666666666666666,"#ed7953"],[0.7777777777777778,"#fb9f3a"],[0.8888888888888888,"#fdca26"],[1.0,"#f0f921"]]}],"contourcarpet":[{"type":"contourcarpet","colorbar":{"outlinewidth":0,"ticks":""}}],"contour":[{"type":"contour","colorbar":{"outlinewidth":0,"ticks":""},"colorscale":[[0.0,"#0d0887"],[0.1111111111111111,"#46039f"],[0.2222222222222222,"#7201a8"],[0.3333333333333333,"#9c179e"],[0.4444444444444444,"#bd3786"],[0.5555555555555556,"#d8576b"],[0.6666666666666666,"#ed7953"],[0.7777777777777778,"#fb9f3a"],[0.8888888888888888,"#fdca26"],[1.0,"#f0f921"]]}],"surface":[{"type":"surface","colorbar":{"outlinewidth":0,"ticks":""},"colorscale":[[0.0,"#0d0887"],[0.1111111111111111,"#46039f"],[0.2222222222222222,"#7201a8"],[0.3333333333333333,"#9c179e"],[0.4444444444444444,"#bd3786"],[0.5555555555555556,"#d8576b"],[0.6666666666666666,"#ed7953"],[0.7777777777777778,"#fb9f3a"],[0.8888888888888888,"#fdca26"],[1.0,"#f0f921"]]}],"mesh3d":[{"type":"mesh3d","colorbar":{"outlinewidth":0,"ticks":""}}],"scatter":[{"fillpattern":{"fillmode":"overlay","size":10,"solidity":0.2},"type":"scatter"}],"parcoords":[{"type":"parcoords","line":{"colorbar":{"outlinewidth":0,"ticks":""}}}],"scatterpolargl":[{"type":"scatterpolargl","marker":{"colorbar":{"outlinewidth":0,"ticks":""}}}],"bar":[{"error_x":{"color":"#2a3f5f"},"error_y":{"color":"#2a3f5f"},"marker":{"line":{"color":"#E5ECF6","width":0.5},"pattern":{"fillmode":"overlay","size":10,"solidity":0.2}},"type":"bar"}],"scattergeo":[{"type":"scattergeo","marker":{"colorbar":{"outlinewidth":0,"ticks":""}}}],"scatterpolar":[{"type":"scatterpolar","marker":{"colorbar":{"outlinewidth":0,"ticks":""}}}],"histogram":[{"marker":{"pattern":{"fillmode":"overlay","size":10,"solidity":0.2}},"type":"histogram"}],"scattergl":[{"type":"scattergl","marker":{"colorbar":{"outlinewidth":0,"ticks":""}}}],"scatter3d":[{"type":"scatter3d","line":{"colorbar":{"outlinewidth":0,"ticks":""}},"marker":{"colorbar":{"outlinewidth":0,"ticks":""}}}],"scattermapbox":[{"type":"scattermapbox","marker":{"colorbar":{"outlinewidth":0,"ticks":""}}}],"scatterternary":[{"type":"scatterternary","marker":{"colorbar":{"outlinewidth":0,"ticks":""}}}],"scattercarpet":[{"type":"scattercarpet","marker":{"colorbar":{"outlinewidth":0,"ticks":""}}}],"carpet":[{"aaxis":{"endlinecolor":"#2a3f5f","gridcolor":"white","linecolor":"white","minorgridcolor":"white","startlinecolor":"#2a3f5f"},"baxis":{"endlinecolor":"#2a3f5f","gridcolor":"white","linecolor":"white","minorgridcolor":"white","startlinecolor":"#2a3f5f"},"type":"carpet"}],"table":[{"cells":{"fill":{"color":"#EBF0F8"},"line":{"color":"white"}},"header":{"fill":{"color":"#C8D4E3"},"line":{"color":"white"}},"type":"table"}],"barpolar":[{"marker":{"line":{"color":"#E5ECF6","width":0.5},"pattern":{"fillmode":"overlay","size":10,"solidity":0.2}},"type":"barpolar"}],"pie":[{"automargin":true,"type":"pie"}]},"layout":{"autotypenumbers":"strict","colorway":["#636efa","#EF553B","#00cc96","#ab63fa","#FFA15A","#19d3f3","#FF6692","#B6E880","#FF97FF","#FECB52"],"font":{"color":"#2a3f5f"},"hovermode":"closest","hoverlabel":{"align":"left"},"paper_bgcolor":"white","plot_bgcolor":"#E5ECF6","polar":{"bgcolor":"#E5ECF6","angularaxis":{"gridcolor":"white","linecolor":"white","ticks":""},"radialaxis":{"gridcolor":"white","linecolor":"white","ticks":""}},"ternary":{"bgcolor":"#E5ECF6","aaxis":{"gridcolor":"white","linecolor":"white","ticks":""},"baxis":{"gridcolor":"white","linecolor":"white","ticks":""},"caxis":{"gridcolor":"white","linecolor":"white","ticks":""}},"coloraxis":{"colorbar":{"outlinewidth":0,"ticks":""}},"colorscale":{"sequential":[[0.0,"#0d0887"],[0.1111111111111111,"#46039f"],[0.2222222222222222,"#7201a8"],[0.3333333333333333,"#9c179e"],[0.4444444444444444,"#bd3786"],[0.5555555555555556,"#d8576b"],[0.6666666666666666,"#ed7953"],[0.7777777777777778,"#fb9f3a"],[0.8888888888888888,"#fdca26"],[1.0,"#f0f921"]],"sequentialminus":[[0.0,"#0d0887"],[0.1111111111111111,"#46039f"],[0.2222222222222222,"#7201a8"],[0.3333333333333333,"#9c179e"],[0.4444444444444444,"#bd3786"],[0.5555555555555556,"#d8576b"],[0.6666666666666666,"#ed7953"],[0.7777777777777778,"#fb9f3a"],[0.8888888888888888,"#fdca26"],[1.0,"#f0f921"]],"diverging":[[0,"#8e0152"],[0.1,"#c51b7d"],[0.2,"#de77ae"],[0.3,"#f1b6da"],[0.4,"#fde0ef"],[0.5,"#f7f7f7"],[0.6,"#e6f5d0"],[0.7,"#b8e186"],[0.8,"#7fbc41"],[0.9,"#4d9221"],[1,"#276419"]]},"xaxis":{"gridcolor":"white","linecolor":"white","ticks":"","title":{"standoff":15},"zerolinecolor":"white","automargin":true,"zerolinewidth":2},"yaxis":{"gridcolor":"white","linecolor":"white","ticks":"","title":{"standoff":15},"zerolinecolor":"white","automargin":true,"zerolinewidth":2},"scene":{"xaxis":{"backgroundcolor":"#E5ECF6","gridcolor":"white","linecolor":"white","showbackground":true,"ticks":"","zerolinecolor":"white","gridwidth":2},"yaxis":{"backgroundcolor":"#E5ECF6","gridcolor":"white","linecolor":"white","showbackground":true,"ticks":"","zerolinecolor":"white","gridwidth":2},"zaxis":{"backgroundcolor":"#E5ECF6","gridcolor":"white","linecolor":"white","showbackground":true,"ticks":"","zerolinecolor":"white","gridwidth":2}},"shapedefaults":{"line":{"color":"#2a3f5f"}},"annotationdefaults":{"arrowcolor":"#2a3f5f","arrowhead":0,"arrowwidth":1},"geo":{"bgcolor":"white","landcolor":"#E5ECF6","subunitcolor":"white","showland":true,"showlakes":true,"lakecolor":"white"},"title":{"x":0.05},"mapbox":{"style":"light"}}},"scene":{"domain":{"x":[0.0,0.125],"y":[0.0,1.0]},"xaxis":{"title":{"text":"V"}},"yaxis":{"title":{"text":"Vtilde"}},"zaxis":{"title":{"text":"kappa"}}},"scene2":{"domain":{"x":[0.175,0.3],"y":[0.0,1.0]},"xaxis":{"title":{"text":"Z"}},"yaxis":{"title":{"text":"Vtilde"}},"zaxis":{"title":{"text":"kappa"}}},"scene3":{"domain":{"x":[0.35,0.475],"y":[0.0,1.0]},"xaxis":{"title":{"text":"Z"}},"yaxis":{"title":{"text":"V"}},"zaxis":{"title":{"text":"kappa"}}},"scene4":{"domain":{"x":[0.525,0.65],"y":[0.0,1.0]},"xaxis":{"title":{"text":"W"}},"yaxis":{"title":{"text":"Vtilde"}},"zaxis":{"title":{"text":"kappa"}}},"scene5":{"domain":{"x":[0.7,0.825],"y":[0.0,1.0]},"xaxis":{"title":{"text":"W"}},"yaxis":{"title":{"text":"V"}},"zaxis":{"title":{"text":"kappa"}}},"scene6":{"domain":{"x":[0.875,1.0],"y":[0.0,1.0]},"xaxis":{"title":{"text":"W"}},"yaxis":{"title":{"text":"Z"}},"zaxis":{"title":{"text":"kappa"}}},"annotations":[{"font":{"size":16},"showarrow":false,"text":"W fixed at 0.4742, Z fixed at -0.0110<br> MFR Suite Not Solved.","x":0.0625,"xanchor":"center","xref":"paper","y":1.0,"yanchor":"bottom","yref":"paper"},{"font":{"size":16},"showarrow":false,"text":"W fixed at 0.4742, V fixed at 0.9696<br> MFR Suite Not Solved.","x":0.2375,"xanchor":"center","xref":"paper","y":1.0,"yanchor":"bottom","yref":"paper"},{"font":{"size":16},"showarrow":false,"text":"W fixed at 0.4742, Vtilde fixed at 0.5782<br> MFR Suite Not Solved.","x":0.4125,"xanchor":"center","xref":"paper","y":1.0,"yanchor":"bottom","yref":"paper"},{"font":{"size":16},"showarrow":false,"text":"Z fixed at -0.0110, V fixed at 0.9696<br> MFR Suite Not Solved.","x":0.5875,"xanchor":"center","xref":"paper","y":1.0,"yanchor":"bottom","yref":"paper"},{"font":{"size":16},"showarrow":false,"text":"Z fixed at -0.0110, Vtilde fixed at 0.5782<br> MFR Suite Not Solved.","x":0.7625,"xanchor":"center","xref":"paper","y":1.0,"yanchor":"bottom","yref":"paper"},{"font":{"size":16},"showarrow":false,"text":"V fixed at 0.9696, Vtilde fixed at 0.5782<br> MFR Suite Not Solved.","x":0.9375,"xanchor":"center","xref":"paper","y":1.0,"yanchor":"bottom","yref":"paper"}],"title":{"text":"MRF vs NN - Kappa Policy Function Interior<br><span style=\"font-size: 12px;\"> chiUnderline = 0.2, a_e = 0.15, a_h = 0.05, gamma_e = 1.0, gamma_h = 3.0, psi_e = 0.5, psi_h = 0.5</span>","x":0.5,"y":0.97,"yanchor":"top"},"height":700,"width":3500,"margin":{"t":150}}}