{"data":[{"colorscale":[[0.0,"#0d0887"],[0.1111111111111111,"#46039f"],[0.2222222222222222,"#7201a8"],[0.3333333333333333,"#9c179e"],[0.4444444444444444,"#bd3786"],[0.5555555555555556,"#d8576b"],[0.6666666666666666,"#ed7953"],[0.7777777777777778,"#fb9f3a"],[0.8888888888888888,"#fdca26"],[1.0,"#f0f921"]],"name":"NN","showlegend":true,"showscale":false,"x":[0.24240772690723,0.48480545381446,0.72720318072169,0.96960090762892,1.21199863453615,1.45439636144338,1.69679408835061,1.93919181525784],"y":[0.144560514746047,0.289111029492094,0.433661544238141,0.5782120589841879,0.7227625737302349,0.867313088476282,1.011863603222329,1.156414117968376],"z":[[0.9999999904329815,0.9999999905382417,0.9999999906449712,0.9999999907525479,0.9999999908603358,0.9999999909677043,0.9999999910740488,0.9999999911788087],[0.9999999893904488,0.9999999895407077,0.9999999896887263,0.9999999898340104,0.9999999899760947,0.9999999901145487,0.9999999902489851,0.9999999903790697],[0.9999999869625996,0.9999999872141622,0.9999999874605833,0.9999999877004423,0.9999999879326094,0.9999999881562243,0.9999999883706693,0.9999999885755417],[0.9999999829197735,0.9999999830945977,0.9999999832775417,0.9999999834687326,0.9999999836675242,0.9999999838726856,0.9999999840825975,0.9999999842954345],[0.9999937664765703,0.9999977912391838,0.999999204256391,0.9999996762604727,0.9999998417610176,0.9999999066782881,0.9999999357743554,0.9999999506033979],[0.9993090205976493,0.9993749050365699,0.9994417046582831,0.9995085743352305,0.999574500442361,0.9996383180618064,0.9996987704666593,0.9997546134393721],[0.998717187828729,0.9987718091263038,0.9988270516893264,0.9988826181634994,0.9989382424414613,0.9989936838236485,0.9990487204866222,0.9991031433458993],[0.9982740341102107,0.9983224155421793,0.9983708865613756,0.9984191497388117,0.9984669548149995,0.998514096901968,0.9985604132307572,0.9986057788672839]],"type":"surface","scene":"scene"},{"colorscale":[[0.0,"#0d0887"],[0.1111111111111111,"#46039f"],[0.2222222222222222,"#7201a8"],[0.3333333333333333,"#9c179e"],[0.4444444444444444,"#bd3786"],[0.5555555555555556,"#d8576b"],[0.6666666666666666,"#ed7953"],[0.7777777777777778,"#fb9f3a"],[0.8888888888888888,"#fdca26"],[1.0,"#f0f921"]],"name":"NN","showlegend":true,"showscale":false,"x":[-0.0772377082793561,-0.055169791628111496,-0.033101874976866896,-0.011033958325622303,0.01103395832562229,0.033101874976866896,0.055169791628111475,0.07723770827935608],"y":[0.144560514746047,0.289111029492094,0.433661544238141,0.5782120589841879,0.7227625737302349,0.867313088476282,1.011863603222329,1.156414117968376],"z":[[0.9999999907939386,0.9999999907801064,0.9999999907663086,0.9999999907525479,0.9999999907388271,0.9999999907251491,0.9999999907115176,0.9999999906979357],[0.9999999899698384,0.999999989925597,0.9999999898803309,0.9999999898340104,0.9999999897866056,0.9999999897380868,0.9999999896884236,0.9999999896375864],[0.9999999880537694,0.9999999879386575,0.9999999878208706,0.9999999877004423,0.9999999875774209,0.999999987451871,0.9999999873238745,0.9999999871935324],[0.9999999838488908,0.9999999837177264,0.9999999835910006,0.9999999834687326,0.9999999833508608,0.9999999832372333,0.9999999831276007,0.9999999830216062],[0.9999999073540474,0.9999998690819343,0.9999998013545387,0.9999996762604727,0.9999994376370513,0.9999989751491069,0.9999980830879434,0.9999964081544576],[0.9996252688620365,0.9995864037742449,0.9995474319988947,0.9995085743352305,0.999470012899304,0.9994318948280861,0.9993943365450005,0.9993574281503356],[0.9989803379078197,0.9989471675608812,0.9989145956922041,0.9988826181634994,0.9988512302321819,0.9988204269900214,0.9987902037189715,0.9987605561765158],[0.9985020220373617,0.9984740125686002,0.9984463876352752,0.9984191497388117,0.9983923025675326,0.9983658509935404,0.9983398010610635,0.9983141599671801]],"type":"surface","scene":"scene2"},{"colorscale":[[0.0,"#0d0887"],[0.1111111111111111,"#46039f"],[0.2222222222222222,"#7201a8"],[0.3333333333333333,"#9c179e"],[0.4444444444444444,"#bd3786"],[0.5555555555555556,"#d8576b"],[0.6666666666666666,"#ed7953"],[0.7777777777777778,"#fb9f3a"],[0.8888888888888888,"#fdca26"],[1.0,"#f0f921"]],"name":"NN","showlegend":true,"showscale":false,"x":[-0.0772377082793561,-0.055169791628111496,-0.033101874976866896,-0.011033958325622303,0.01103395832562229,0.033101874976866896,0.055169791628111475,0.07723770827935608],"y":[0.24240772690723,0.48480545381446,0.72720318072169,0.96960090762892,1.21199863453615,1.45439636144338,1.69679408835061,1.93919181525784],"z":[[0.9999999832411188,0.9999999831301595,0.9999999830231913,0.9999999829197735,0.9999999828193415,0.9999999827211941,0.9999999826244785,0.9999999825281729],[0.9999999834345757,0.9999999833169626,0.9999999832037243,0.9999999830945977,0.999999982989211,0.9999999828870744,0.999999982787569,0.9999999826899332],[0.9999999836375314,0.9999999835130616,0.9999999833931018,0.9999999832775417,0.9999999831661763,0.9999999830586976,0.9999999829546855,0.9999999828535967],[0.9999999838488908,0.9999999837177264,0.9999999835910006,0.9999999834687326,0.9999999833508608,0.9999999832372333,0.9999999831276007,0.9999999830216062],[0.9999999840670329,0.999999983929619,0.9999999837964071,0.9999999836675242,0.9999999835430285,0.9999999834229019,0.9999999833070407,0.9999999831952481],[0.999999984290003,0.9999999841469854,0.9999999840078087,0.9999999838726856,0.9999999837417735,0.9999999836151646,0.9999999834928793,0.9999999833748571],[0.9999999845156937,0.9999999843678434,0.999999984223385,0.9999999840825975,0.999999983945716,0.9999999838129234,0.9999999836843421,0.9999999835600257],[0.9999999847420028,0.9999999845901498,0.9999999844411847,0.9999999842954345,0.9999999841531938,0.9999999840147159,0.9999999838802058,0.9999999837498111]],"type":"surface","scene":"scene3"},{"colorscale":[[0.0,"#0d0887"],[0.1111111111111111,"#46039f"],[0.2222222222222222,"#7201a8"],[0.3333333333333333,"#9c179e"],[0.4444444444444444,"#bd3786"],[0.5555555555555556,"#d8576b"],[0.6666666666666666,"#ed7953"],[0.7777777777777778,"#fb9f3a"],[0.8888888888888888,"#fdca26"],[1.0,"#f0f921"]],"name":"NN","showlegend":true,"showscale":false,"x":[0.06157894736842105,0.1131578947368421,0.16473684210526315,0.2163157894736842,0.26789473684210524,0.3194736842105263,0.37105263157894736,0.4226315789473684,0.47421052631578947,0.5257894736842105,0.5773684210526315,0.6289473684210526,0.6805263157894736,0.7321052631578947,0.7836842105263158,0.8352631578947368,0.8868421052631579,0.9384210526315789],"y":[0.144560514746047,0.289111029492094,0.433661544238141,0.5782120589841879,0.7227625737302349,0.867313088476282,1.011863603222329,1.156414117968376],"z":[[0.9118445340175051,0.9876828419390268,0.9999999250333453,0.9999999799702434,0.999999982591975,0.9999999842606268,0.9999999857571539,0.9999999869796337,0.9999999879341894,0.9999999886896909,0.9999999893104913,0.9999999898418449,0.9999999903147283,0.9999999907525479,0.9999999911755493,0.9999999916030293,0.9999999920541155,0.9999999925475505],[0.8714511183390184,0.9464177647024992,0.9762543761992145,0.9914056954736327,0.999645852633259,0.9999999658077912,0.9999999813900241,0.9999999831271453,0.9999999846008828,0.9999999860696285,0.9999999873378037,0.9999999883539635,0.999999989164201,0.9999999898340104,0.9999999904202826,0.9999999909680801,0.9999999915135015,0.9999999920862819],[0.8581719678535383,0.9327924069490942,0.9631135731557658,0.9789773635613118,0.9883257123039256,0.9942151961751656,0.9980950596367925,0.9999868809938667,0.999999972907429,0.9999999818403549,0.9999999833977219,0.9999999848342915,0.9999999863349397,0.9999999877004423,0.9999999888475181,0.9999999898064773,0.9999999906460582,0.9999999914331414],[0.8514429172644861,0.9260164594516406,0.9565515253907775,0.9727410268790273,0.9824693584519538,0.9887738765963912,0.9930525017098012,0.9960163863284057,0.9980878333512542,0.9995506714796298,0.9999988793247366,0.9999999748540322,0.9999999819393129,0.9999999834687326,0.999999984878733,0.9999999864539282,0.9999999880380306,0.9999999895029237],[0.8473725296713317,0.9219128539942325,0.9526014893642465,0.9689969163471158,0.9789635373018023,0.9855081171810254,0.9900246032163216,0.9932414185599421,0.9955703000339241,0.9972604980661048,0.9984845942124908,0.9993758671928513,0.9999206429982332,0.9999996762604727,0.9999999743189156,0.9999999817217803,0.9999999833528643,0.9999999847369417],[0.844668489513778,0.9191760379399571,0.9499648254523602,0.966495580089827,0.976623293331801,0.9833377244113388,0.9880192728292871,0.9913940454111267,0.9938825084336415,0.9957422317613632,0.9971358753919254,0.9981742083663218,0.998943988169711,0.9995085743352305,0.9998699857518026,0.999991602247775,0.99999984388813,0.9999999720966021],[0.8427590476426366,0.917233186333546,0.9480870928686583,0.9647093445199257,0.9749465439534367,0.9817812359443667,0.9865858262424028,0.9900795818076586,0.9926812032411277,0.9946533236568664,0.9961651601195165,0.9973260203480537,0.9982114417751604,0.9988826181634994,0.9993886657431779,0.9997469662405609,0.9999389734089935,0.9999931010800824],[0.8413283030242812,0.9157770172798705,0.9466821328256869,0.9633744389209917,0.973689396449022,0.9806080675280754,0.9855022869192239,0.9890881303714188,0.9917797648572761,0.9938381613647334,0.9954357223952554,0.9966858313852421,0.9976623750438669,0.9984191497388117,0.999004041916392,0.9994550865751057,0.9997764314094344,0.9999441092944131]],"type":"surface","scene":"scene4"},{"colorscale":[[0.0,"#0d0887"],[0.1111111111111111,"#46039f"],[0.2222222222222222,"#7201a8"],[0.3333333333333333,"#9c179e"],[0.4444444444444444,"#bd3786"],[0.5555555555555556,"#d8576b"],[0.6666666666666666,"#ed7953"],[0.7777777777777778,"#fb9f3a"],[0.8888888888888888,"#fdca26"],[1.0,"#f0f921"]],"name":"NN","showlegend":true,"showscale":false,"x":[0.06157894736842105,0.1131578947368421,0.16473684210526315,0.2163157894736842,0.26789473684210524,0.3194736842105263,0.37105263157894736,0.4226315789473684,0.47421052631578947,0.5257894736842105,0.5773684210526315,0.6289473684210526,0.6805263157894736,0.7321052631578947,0.7836842105263158,0.8352631578947368,0.8868421052631579,0.9384210526315789],"y":[0.24240772690723,0.48480545381446,0.72720318072169,0.96960090762892,1.21199863453615,1.45439636144338,1.69679408835061,1.93919181525784],"z":[[0.8513380036003505,0.9258018486884976,0.9562994728633186,0.9724662846513836,0.9821768200099414,0.988471222016816,0.9927486671002606,0.9957167396794842,0.9977820617442117,0.9992424125861348,0.9999830861566948,0.9999999649247553,0.9999999811620218,0.9999999829197735,0.999999984061194,0.9999999853356492,0.9999999866837177,0.999999987972392],[0.8513738625573214,0.9258675193891647,0.9563775997990963,0.9725533888506102,0.9822713323925756,0.9885701680362223,0.9928487458106107,0.9958159204332426,0.997883138555876,0.9993484323674175,0.9999930385538887,0.9999999697159536,0.9999999814648665,0.9999999830945977,0.9999999843186786,0.9999999856959982,0.9999999871285464,0.9999999884816241],[0.8514092725513528,0.9259397150060626,0.9564621972840575,0.9726454368395113,0.9823692152660565,0.9886713560954089,0.9929502826983363,0.9959160236806708,0.9979852594352935,0.9994519637417976,0.9999972503727439,0.999999972767234,0.9999999817189439,0.9999999832775417,0.9999999845922289,0.9999999860704527,0.999999987581996,0.9999999889939905],[0.8514429172644861,0.9260164594516406,0.9565515253907775,0.9727410268790273,0.9824693584519538,0.9887738765963912,0.9930525017098012,0.9960163863284057,0.9980878333512542,0.9995506714796298,0.9999988793247366,0.9999999748540322,0.9999999819393129,0.9999999834687326,0.999999984878733,0.9999999864539282,0.9999999880380306,0.9999999895029237],[0.8514733493781561,0.9260959635181016,0.9566440461076896,0.9728389417449868,0.9825708127700485,0.9888769575979549,0.993154743654095,0.9961164444084132,0.9981903277937376,0.999642111977261,0.9999994967137438,0.9999999763539797,0.9999999821364743,0.9999999836675242,0.9999999851746746,0.9999999868413693,0.9999999884910256,0.9999999900025108],[0.8514991161031746,0.9261766610860699,0.9567384442530675,0.9729381603509815,0.9826727956092924,0.9889799679393926,0.9932564693917362,0.9962157365698056,0.998292269517764,0.9997239869590484,0.9999997412956707,0.9999999774704629,0.9999999823176685,0.9999999838726856,0.9999999854763846,0.9999999872280182,0.9999999889359875,0.9999999904876787],[0.8515188484107672,0.9262572263183362,0.9568336329687219,0.973037857264306,0.9827746873663807,0.9890824132700105,0.9933572570650713,0.9963139023606081,0.998393241878703,0.9997944678347906,0.9999998468799987,0.9999999783235884,0.999999982487798,0.9999999840825975,0.9999999857802686,0.9999999876096151,0.999999989368692,0.9999999909542975],[0.8515313193759353,0.9263365755466639,0.9569287472700431,0.9731373931278345,0.9828760211385296,0.9891839267956405,0.9934567947441444,0.996410676401037,0.9984928797423337,0.9998525127767569,0.9999998973532931,0.9999999789896967,0.999999982650095,0.9999999842954345,0.9999999860829902,0.9999999879825258,0.9999999897857459,0.9999999913992109]],"type":"surface","scene":"scene5"},{"colorscale":[[0.0,"#0d0887"],[0.1111111111111111,"#46039f"],[0.2222222222222222,"#7201a8"],[0.3333333333333333,"#9c179e"],[0.4444444444444444,"#bd3786"],[0.5555555555555556,"#d8576b"],[0.6666666666666666,"#ed7953"],[0.7777777777777778,"#fb9f3a"],[0.8888888888888888,"#fdca26"],[1.0,"#f0f921"]],"name":"NN","showlegend":true,"showscale":false,"x":[0.06157894736842105,0.1131578947368421,0.16473684210526315,0.2163157894736842,0.26789473684210524,0.3194736842105263,0.37105263157894736,0.4226315789473684,0.47421052631578947,0.5257894736842105,0.5773684210526315,0.6289473684210526,0.6805263157894736,0.7321052631578947,0.7836842105263158,0.8352631578947368,0.8868421052631579,0.9384210526315789],"y":[-0.0772377082793561,-0.055169791628111496,-0.033101874976866896,-0.011033958325622303,0.01103395832562229,0.033101874976866896,0.055169791628111475,0.07723770827935608],"z":[[0.8522663064886741,0.9267639737775568,0.9572324394983565,0.9733628030553233,0.9830352117115261,0.9892868282320949,0.9935125653869527,0.9964239265189161,0.9984572022390529,0.9998011277877352,0.9999998309252929,0.9999999780715322,0.9999999823671605,0.9999999838488908,0.9999999853454622,0.9999999869423719,0.999999988478176,0.9999999898629788],[0.8519786411272284,0.9265030959999497,0.9569956500931375,0.9731475303087654,0.982840086777796,0.98911060216408,0.9933551486233844,0.9962848966863739,0.9983313363706049,0.9997268310983911,0.9999997114265607,0.9999999772188681,0.9999999822306533,0.9999999837177264,0.9999999851874808,0.9999999867807191,0.9999999883348123,0.9999999897469427],[0.8517040866198051,0.9262538676941994,0.9567686322676034,0.9729402366426373,0.9826514447826799,0.9889395966845342,0.9932017687027183,0.9961490346939642,0.9982081617483896,0.9996425071105629,0.9999994547876425,0.999999976167636,0.9999999820888684,0.9999999835910006,0.9999999850317586,0.9999999866177868,0.9999999881880557,0.9999999896269368],[0.8514429172644861,0.9260164594516406,0.9565515253907775,0.9727410268790273,0.9824693584519538,0.9887738765963912,0.9930525017098012,0.9960163863284057,0.9980878333512542,0.9995506714796298,0.9999988793247366,0.9999999748540322,0.9999999819393129,0.9999999834687326,0.999999984878733,0.9999999864539282,0.9999999880380306,0.9999999895029237],[0.851195416637129,0.9257910497556842,0.9563444760129172,0.9725500126480625,0.9822939051549421,0.9886135066465795,0.9929074211480542,0.9958870001076223,0.997970443989935,0.9994537896615661,0.9999975749609831,0.9999999731835628,0.9999999817789375,0.9999999833508608,0.9999999847288316,0.9999999862895249,0.9999999878848894,0.9999999893748808],[0.8509618778775826,0.925577825102834,0.9561476377414272,0.9723673122569936,0.9821251671139951,0.9884585520973126,0.9927665980685771,0.9957609268465605,0.9978560460585972,0.9993540257168446,0.9999947007419996,0.999999971008599,0.9999999816040095,0.9999999832372333,0.9999999845824651,0.9999999861249846,0.9999999877288145,0.9999999892428022],[0.8507426039783794,0.92537698015056,0.9559611711331057,0.9721930505381098,0.9819632315499602,0.9883090792485756,0.9926301012802812,0.9956382191130079,0.9977446669936304,0.9992531384213248,0.9999887674116379,0.999999968085921,0.9999999814099519,0.9999999831276007,0.9999999844400209,0.999999985960739,0.9999999875700195,0.9999999891067006],[0.8505379080720565,0.9251887178893412,0.955785243602459,0.9720273586789421,0.9818081907675784,0.988165155906155,0.9924979976220858,0.9955189306609629,0.9976363199691944,0.9991524765688791,0.9999775998777823,0.9999999639942612,0.9999999811911328,0.9999999830216062,0.9999999843018557,0.9999999857972405,0.9999999874087511,0.99999998896661]],"type":"surface","scene":"scene6"}],"layout":{"template":{"data":{"histogram2dcontour":[{"type":"histogram2dcontour","colorbar":{"outlinewidth":0,"ticks":""},"colorscale":[[0.0,"#0d0887"],[0.1111111111111111,"#46039f"],[0.2222222222222222,"#7201a8"],[0.3333333333333333,"#9c179e"],[0.4444444444444444,"#bd3786"],[0.5555555555555556,"#d8576b"],[0.6666666666666666,"#ed7953"],[0.7777777777777778,"#fb9f3a"],[0.8888888888888888,"#fdca26"],[1.0,"#f0f921"]]}],"choropleth":[{"type":"choropleth","colorbar":{"outlinewidth":0,"ticks":""}}],"histogram2d":[{"type":"histogram2d","colorbar":{"outlinewidth":0,"ticks":""},"colorscale":[[0.0,"#0d0887"],[0.1111111111111111,"#46039f"],[0.2222222222222222,"#7201a8"],[0.3333333333333333,"#9c179e"],[0.4444444444444444,"#bd3786"],[0.5555555555555556,"#d8576b"],[0.6666666666666666,"#ed7953"],[0.7777777777777778,"#fb9f3a"],[0.8888888888888888,"#fdca26"],[1.0,"#f0f921"]]}],"heatmap":[{"type":"heatmap","colorbar":{"outlinewidth":0,"ticks":""},"colorscale":[[0.0,"#0d0887"],[0.1111111111111111,"#46039f"],[0.2222222222222222,"#7201a8"],[0.3333333333333333,"#9c179e"],[0.4444444444444444,"#bd3786"],[0.5555555555555556,"#d8576b"],[0.6666666666666666,"#ed7953"],[0.7777777777777778,"#fb9f3a"],[0.8888888888888888,"#fdca26"],[1.0,"#f0f921"]]}],"heatmapgl":[{"type":"heatmapgl","colorbar":{"outlinewidth":0,"ticks":""},"colorscale":[[0.0,"#0d0887"],[0.1111111111111111,"#46039f"],[0.2222222222222222,"#7201a8"],[0.3333333333333333,"#9c179e"],[0.4444444444444444,"#bd3786"],[0.5555555555555556,"#d8576b"],[0.6666666666666666,"#ed7953"],[0.7777777777777778,"#fb9f3a"],[0.8888888888888888,"#fdca26"],[1.0,"#f0f921"]]}],"contourcarpet":[{"type":"contourcarpet","colorbar":{"outlinewidth":0,"ticks":""}}],"contour":[{"type":"contour","colorbar":{"outlinewidth":0,"ticks":""},"colorscale":[[0.0,"#0d0887"],[0.1111111111111111,"#46039f"],[0.2222222222222222,"#7201a8"],[0.3333333333333333,"#9c179e"],[0.4444444444444444,"#bd3786"],[0.5555555555555556,"#d8576b"],[0.6666666666666666,"#ed7953"],[0.7777777777777778,"#fb9f3a"],[0.8888888888888888,"#fdca26"],[1.0,"#f0f921"]]}],"surface":[{"type":"surface","colorbar":{"outlinewidth":0,"ticks":""},"colorscale":[[0.0,"#0d0887"],[0.1111111111111111,"#46039f"],[0.2222222222222222,"#7201a8"],[0.3333333333333333,"#9c179e"],[0.4444444444444444,"#bd3786"],[0.5555555555555556,"#d8576b"],[0.6666666666666666,"#ed7953"],[0.7777777777777778,"#fb9f3a"],[0.8888888888888888,"#fdca26"],[1.0,"#f0f921"]]}],"mesh3d":[{"type":"mesh3d","colorbar":{"outlinewidth":0,"ticks":""}}],"scatter":[{"fillpattern":{"fillmode":"overlay","size":10,"solidity":0.2},"type":"scatter"}],"parcoords":[{"type":"parcoords","line":{"colorbar":{"outlinewidth":0,"ticks":""}}}],"scatterpolargl":[{"type":"scatterpolargl","marker":{"colorbar":{"outlinewidth":0,"ticks":""}}}],"bar":[{"error_x":{"color":"#2a3f5f"},"error_y":{"color":"#2a3f5f"},"marker":{"line":{"color":"#E5ECF6","width":0.5},"pattern":{"fillmode":"overlay","size":10,"solidity":0.2}},"type":"bar"}],"scattergeo":[{"type":"scattergeo","marker":{"colorbar":{"outlinewidth":0,"ticks":""}}}],"scatterpolar":[{"type":"scatterpolar","marker":{"colorbar":{"outlinewidth":0,"ticks":""}}}],"histogram":[{"marker":{"pattern":{"fillmode":"overlay","size":10,"solidity":0.2}},"type":"histogram"}],"scattergl":[{"type":"scattergl","marker":{"colorbar":{"outlinewidth":0,"ticks":""}}}],"scatter3d":[{"type":"scatter3d","line":{"colorbar":{"outlinewidth":0,"ticks":""}},"marker":{"colorbar":{"outlinewidth":0,"ticks":""}}}],"scattermapbox":[{"type":"scattermapbox","marker":{"colorbar":{"outlinewidth":0,"ticks":""}}}],"scatterternary":[{"type":"scatterternary","marker":{"colorbar":{"outlinewidth":0,"ticks":""}}}],"scattercarpet":[{"type":"scattercarpet","marker":{"colorbar":{"outlinewidth":0,"ticks":""}}}],"carpet":[{"aaxis":{"endlinecolor":"#2a3f5f","gridcolor":"white","linecolor":"white","minorgridcolor":"white","startlinecolor":"#2a3f5f"},"baxis":{"endlinecolor":"#2a3f5f","gridcolor":"white","linecolor":"white","minorgridcolor":"white","startlinecolor":"#2a3f5f"},"type":"carpet"}],"table":[{"cells":{"fill":{"color":"#EBF0F8"},"line":{"color":"white"}},"header":{"fill":{"color":"#C8D4E3"},"line":{"color":"white"}},"type":"table"}],"barpolar":[{"marker":{"line":{"color":"#E5ECF6","width":0.5},"pattern":{"fillmode":"overlay","size":10,"solidity":0.2}},"type":"barpolar"}],"pie":[{"automargin":true,"type":"pie"}]},"layout":{"autotypenumbers":"strict","colorway":["#636efa","#EF553B","#00cc96","#ab63fa","#FFA15A","#19d3f3","#FF6692","#B6E880","#FF97FF","#FECB52"],"font":{"color":"#2a3f5f"},"hovermode":"closest","hoverlabel":{"align":"left"},"paper_bgcolor":"white","plot_bgcolor":"#E5ECF6","polar":{"bgcolor":"#E5ECF6","angularaxis":{"gridcolor":"white","linecolor":"white","ticks":""},"radialaxis":{"gridcolor":"white","linecolor":"white","ticks":""}},"ternary":{"bgcolor":"#E5ECF6","aaxis":{"gridcolor":"white","linecolor":"white","ticks":""},"baxis":{"gridcolor":"white","linecolor":"white","ticks":""},"caxis":{"gridcolor":"white","linecolor":"white","ticks":""}},"coloraxis":{"colorbar":{"outlinewidth":0,"ticks":""}},"colorscale":{"sequential":[[0.0,"#0d0887"],[0.1111111111111111,"#46039f"],[0.2222222222222222,"#7201a8"],[0.3333333333333333,"#9c179e"],[0.4444444444444444,"#bd3786"],[0.5555555555555556,"#d8576b"],[0.6666666666666666,"#ed7953"],[0.7777777777777778,"#fb9f3a"],[0.8888888888888888,"#fdca26"],[1.0,"#f0f921"]],"sequentialminus":[[0.0,"#0d0887"],[0.1111111111111111,"#46039f"],[0.2222222222222222,"#7201a8"],[0.3333333333333333,"#9c179e"],[0.4444444444444444,"#bd3786"],[0.5555555555555556,"#d8576b"],[0.6666666666666666,"#ed7953"],[0.7777777777777778,"#fb9f3a"],[0.8888888888888888,"#fdca26"],[1.0,"#f0f921"]],"diverging":[[0,"#8e0152"],[0.1,"#c51b7d"],[0.2,"#de77ae"],[0.3,"#f1b6da"],[0.4,"#fde0ef"],[0.5,"#f7f7f7"],[0.6,"#e6f5d0"],[0.7,"#b8e186"],[0.8,"#7fbc41"],[0.9,"#4d9221"],[1,"#276419"]]},"xaxis":{"gridcolor":"white","linecolor":"white","ticks":"","title":{"standoff":15},"zerolinecolor":"white","automargin":true,"zerolinewidth":2},"yaxis":{"gridcolor":"white","linecolor":"white","ticks":"","title":{"standoff":15},"zerolinecolor":"white","automargin":true,"zerolinewidth":2},"scene":{"xaxis":{"backgroundcolor":"#E5ECF6","gridcolor":"white","linecolor":"white","showbackground":true,"ticks":"","zerolinecolor":"white","gridwidth":2},"yaxis":{"backgroundcolor":"#E5ECF6","gridcolor":"white","linecolor":"white","showbackground":true,"ticks":"","zerolinecolor":"white","gridwidth":2},"zaxis":{"backgroundcolor":"#E5ECF6","gridcolor":"white","linecolor":"white","showbackground":true,"ticks":"","zerolinecolor":"white","gridwidth":2}},"shapedefaults":{"line":{"color":"#2a3f5f"}},"annotationdefaults":{"arrowcolor":"#2a3f5f","arrowhead":0,"arrowwidth":1},"geo":{"bgcolor":"white","landcolor":"#E5ECF6","subunitcolor":"white","showland":true,"showlakes":true,"lakecolor":"white"},"title":{"x":0.05},"mapbox":{"style":"light"}}},"scene":{"domain":{"x":[0.0,0.125],"y":[0.0,1.0]},"zaxis":{"title":{"text":"kappa"},"nticks":4,"range":[-0.0001,1.0238007459760408],"tickformat":".4f"},"xaxis":{"title":{"text":"V"}},"yaxis":{"title":{"text":"Vtilde"}}},"scene2":{"domain":{"x":[0.175,0.3],"y":[0.0,1.0]},"zaxis":{"title":{"text":"kappa"},"nticks":4,"range":[-0.0001,1.0238007459760408],"tickformat":".4f"},"xaxis":{"title":{"text":"Z"}},"yaxis":{"title":{"text":"Vtilde"}}},"scene3":{"domain":{"x":[0.35,0.475],"y":[0.0,1.0]},"zaxis":{"title":{"text":"kappa"},"nticks":4,"range":[-0.0001,1.0238007459760408],"tickformat":".4f"},"xaxis":{"title":{"text":"Z"}},"yaxis":{"title":{"text":"V"}}},"scene4":{"domain":{"x":[0.525,0.65],"y":[0.0,1.0]},"zaxis":{"title":{"text":"kappa"},"nticks":4,"range":[-0.0001,1.0238007459760408],"tickformat":".4f"},"xaxis":{"title":{"text":"W"}},"yaxis":{"title":{"text":"Vtilde"}}},"scene5":{"domain":{"x":[0.7,0.825],"y":[0.0,1.0]},"zaxis":{"title":{"text":"kappa"},"nticks":4,"range":[-0.0001,1.0238007459760408],"tickformat":".4f"},"xaxis":{"title":{"text":"W"}},"yaxis":{"title":{"text":"V"}}},"scene6":{"domain":{"x":[0.875,1.0],"y":[0.0,1.0]},"zaxis":{"title":{"text":"kappa"},"nticks":4,"range":[-0.0001,1.0238007459760408],"tickformat":".4f"},"xaxis":{"title":{"text":"W"}},"yaxis":{"title":{"text":"Z"}}},"annotations":[{"font":{"size":16},"showarrow":false,"text":"W fixed at 0.7321, Z fixed at -0.0110<br> MFR Suite Not Solved.","x":0.0625,"xanchor":"center","xref":"paper","y":1.0,"yanchor":"bottom","yref":"paper"},{"font":{"size":16},"showarrow":false,"text":"W fixed at 0.7321, V fixed at 0.9696<br> MFR Suite Not Solved.","x":0.2375,"xanchor":"center","xref":"paper","y":1.0,"yanchor":"bottom","yref":"paper"},{"font":{"size":16},"showarrow":false,"text":"W fixed at 0.7321, Vtilde fixed at 0.5782<br> MFR Suite Not Solved.","x":0.4125,"xanchor":"center","xref":"paper","y":1.0,"yanchor":"bottom","yref":"paper"},{"font":{"size":16},"showarrow":false,"text":"Z fixed at -0.0110, V fixed at 0.9696<br> MFR Suite Not Solved.","x":0.5875,"xanchor":"center","xref":"paper","y":1.0,"yanchor":"bottom","yref":"paper"},{"font":{"size":16},"showarrow":false,"text":"Z fixed at -0.0110, Vtilde fixed at 0.5782<br> MFR Suite Not Solved.","x":0.7625,"xanchor":"center","xref":"paper","y":1.0,"yanchor":"bottom","yref":"paper"},{"font":{"size":16},"showarrow":false,"text":"V fixed at 0.9696, Vtilde fixed at 0.5782<br> MFR Suite Not Solved.","x":0.9375,"xanchor":"center","xref":"paper","y":1.0,"yanchor":"bottom","yref":"paper"}],"title":{"text":"MRF vs NN - Kappa Policy Function Interior<br><span style=\"font-size: 12px;\"> chiUnderline = 0.2, a_e = 0.15, a_h = 0.1, gamma_e = 1.0, gamma_h = 3.0, psi_e = 0.5, psi_h = 0.5</span>","x":0.5,"y":0.97,"yanchor":"top"},"height":700,"width":3500,"margin":{"t":150}}}