{"data":[{"colorscale":[[0.0,"#0d0887"],[0.1111111111111111,"#46039f"],[0.2222222222222222,"#7201a8"],[0.3333333333333333,"#9c179e"],[0.4444444444444444,"#bd3786"],[0.5555555555555556,"#d8576b"],[0.6666666666666666,"#ed7953"],[0.7777777777777778,"#fb9f3a"],[0.8888888888888888,"#fdca26"],[1.0,"#f0f921"]],"name":"NN","showlegend":true,"showscale":false,"x":[0.24240772690723,0.48480545381446,0.72720318072169,0.96960090762892,1.21199863453615,1.45439636144338,1.69679408835061,1.93919181525784],"y":[0.144560514746047,0.289111029492094,0.433661544238141,0.5782120589841879,0.7227625737302349,0.867313088476282,1.011863603222329,1.156414117968376],"z":[[0.008306001907229939,0.011746339402047792,0.014386219483007372,0.016611746828024698,0.01857247841144215,0.020345116760749984,0.021975226908352616,0.023492497086061135],[0.008306001907234777,0.011746339402054684,0.014386219483015869,0.01661174682803458,0.018572478411453257,0.020345116760762207,0.021975226908365852,0.023492497086075297],[0.008306001907227405,0.011746339402044233,0.014386219483003037,0.016611746828019715,0.01857247841143658,0.020345116760743853,0.02197522690834593,0.02349249708605387],[0.008306001907163043,0.011746339401954941,0.014386219482895686,0.01661174682789795,0.018572478411302763,0.02034511676059965,0.021975226908192584,0.02349249708589234],[0.008306001906702375,0.01174633940131986,0.014386219482137176,0.016611746827043482,0.01857247841037033,0.020345116759602225,0.021975226907139996,0.023492497084792306],[0.008306001697728604,0.01174633918827894,0.014386219290111212,0.016611746660600078,0.01857247826803993,0.020345116638224053,0.02197522680336761,0.023492496995602668],[0.008282322517411018,0.011713402550545508,0.014346555127116231,0.016566731445759642,0.01852304197457579,0.020291966636535413,0.02191894819148487,0.023433607652645825],[0.00826709388771361,0.011691852069803395,0.014320127362097063,0.016536150115952282,0.018488739660475238,0.02025421347545505,0.021877903285146105,0.023389341924620777]],"type":"surface","scene":"scene"},{"colorscale":[[0.0,"#0d0887"],[0.1111111111111111,"#46039f"],[0.2222222222222222,"#7201a8"],[0.3333333333333333,"#9c179e"],[0.4444444444444444,"#bd3786"],[0.5555555555555556,"#d8576b"],[0.6666666666666666,"#ed7953"],[0.7777777777777778,"#fb9f3a"],[0.8888888888888888,"#fdca26"],[1.0,"#f0f921"]],"name":"NN","showlegend":true,"showscale":false,"x":[-0.0772377082793561,-0.055169791628111496,-0.033101874976866896,-0.011033958325622303,0.01103395832562229,0.033101874976866896,0.055169791628111475,0.07723770827935608],"y":[0.144560514746047,0.289111029492094,0.433661544238141,0.5782120589841879,0.7227625737302349,0.867313088476282,1.011863603222329,1.156414117968376],"z":[[0.016611746828024625,0.016611746828024646,0.016611746828024673,0.016611746828024698,0.016611746828024722,0.01661174682802475,0.016611746828024777,0.0166117468280248],[0.016611746828034606,0.016611746828034596,0.01661174682803459,0.01661174682803458,0.016611746828034568,0.016611746828034558,0.016611746828034554,0.01661174682803454],[0.0166117468280199,0.016611746828019837,0.016611746828019778,0.016611746828019715,0.016611746828019656,0.01661174682801959,0.01661174682801953,0.016611746828019473],[0.01661174682789826,0.016611746827898156,0.016611746827898056,0.01661174682789795,0.01661174682789785,0.016611746827897747,0.016611746827897646,0.016611746827897542],[0.016611746827043607,0.016611746827043566,0.016611746827043524,0.016611746827043482,0.016611746827043444,0.016611746827043413,0.01661174682704338,0.016611746827043354],[0.016611746660118724,0.016611746660274578,0.016611746660435026,0.016611746660600078,0.016611746660769686,0.01661174666094384,0.016611746661122497,0.016611746661305653],[0.016566727030576774,0.016566728466294006,0.016566729938063456,0.016566731445759642,0.016566732989257916,0.016566734568434483,0.016566736183166383,0.016566737833331516],[0.01653615253454594,0.016536151725754494,0.016536150919604305,0.016536150115952282,0.016536149314655864,0.016536148515573054,0.01653614771856239,0.01653614692348296]],"type":"surface","scene":"scene2"},{"colorscale":[[0.0,"#0d0887"],[0.1111111111111111,"#46039f"],[0.2222222222222222,"#7201a8"],[0.3333333333333333,"#9c179e"],[0.4444444444444444,"#bd3786"],[0.5555555555555556,"#d8576b"],[0.6666666666666666,"#ed7953"],[0.7777777777777778,"#fb9f3a"],[0.8888888888888888,"#fdca26"],[1.0,"#f0f921"]],"name":"NN","showlegend":true,"showscale":false,"x":[-0.0772377082793561,-0.055169791628111496,-0.033101874976866896,-0.011033958325622303,0.01103395832562229,0.033101874976866896,0.055169791628111475,0.07723770827935608],"y":[0.24240772690723,0.48480545381446,0.72720318072169,0.96960090762892,1.21199863453615,1.45439636144338,1.69679408835061,1.93919181525784],"z":[[0.008306001907163199,0.008306001907163147,0.008306001907163095,0.008306001907163043,0.008306001907162991,0.00830600190716294,0.008306001907162889,0.008306001907162838],[0.01174633940195516,0.011746339401955087,0.011746339401955014,0.011746339401954941,0.011746339401954868,0.011746339401954797,0.011746339401954724,0.011746339401954652],[0.014386219482895953,0.014386219482895861,0.014386219482895776,0.014386219482895686,0.014386219482895597,0.01438621948289551,0.014386219482895422,0.014386219482895332],[0.01661174682789826,0.016611746827898156,0.016611746827898056,0.01661174682789795,0.01661174682789785,0.016611746827897747,0.016611746827897646,0.016611746827897542],[0.018572478411303103,0.018572478411302988,0.018572478411302877,0.018572478411302763,0.018572478411302645,0.01857247841130253,0.01857247841130242,0.018572478411302305],[0.020345116760600024,0.0203451167605999,0.020345116760599774,0.02034511676059965,0.020345116760599524,0.020345116760599392,0.02034511676059927,0.020345116760599146],[0.021975226908192994,0.021975226908192855,0.021975226908192716,0.021975226908192584,0.021975226908192445,0.021975226908192307,0.02197522690819217,0.021975226908192036],[0.02349249708589278,0.02349249708589263,0.023492497085892485,0.02349249708589234,0.023492497085892194,0.023492497085892045,0.0234924970858919,0.02349249708589175]],"type":"surface","scene":"scene3"},{"colorscale":[[0.0,"#0d0887"],[0.1111111111111111,"#46039f"],[0.2222222222222222,"#7201a8"],[0.3333333333333333,"#9c179e"],[0.4444444444444444,"#bd3786"],[0.5555555555555556,"#d8576b"],[0.6666666666666666,"#ed7953"],[0.7777777777777778,"#fb9f3a"],[0.8888888888888888,"#fdca26"],[1.0,"#f0f921"]],"name":"NN","showlegend":true,"showscale":false,"x":[0.06157894736842105,0.1131578947368421,0.16473684210526315,0.2163157894736842,0.26789473684210524,0.3194736842105263,0.37105263157894736,0.4226315789473684,0.47421052631578947,0.5257894736842105,0.5773684210526315,0.6289473684210526,0.6805263157894736,0.7321052631578947,0.7836842105263158,0.8352631578947368,0.8868421052631579,0.9384210526315789],"y":[0.144560514746047,0.289111029492094,0.433661544238141,0.5782120589841879,0.7227625737302349,0.867313088476282,1.011863603222329,1.156414117968376],"z":[[0.134685560252873,0.06961480881897095,0.04781847888594293,0.03641650581936038,0.029405076408487406,0.024657634088946882,0.021230048073795027,0.018639083302668516,0.016611746828024698,0.014982166058109621,0.013643741013718111,0.012524840077023827,0.01157554825370196,0.010760017176153122,0.010051836059114206,0.009431117764343539,0.008882601716323857,0.01059537397185071],[0.12349409734691748,0.06917366817731174,0.0478184793347363,0.0364165058170861,0.02940507640809833,0.02465763408885393,0.021230048073771303,0.018639083302667687,0.01661174682803458,0.014982166058125643,0.013643741013737717,0.012524840077045211,0.011575548253723816,0.010760017176174544,0.010051836059134631,0.009431117764362645,0.008882601716341483,0.008394382440845461],[0.11982002373801194,0.0673980662511822,0.047217975094102395,0.036389785471279606,0.029405076401138566,0.024657634088046707,0.021230048073581073,0.018639083302614615,0.016611746828019715,0.01498216605812482,0.01364374101374453,0.012524840077057332,0.011575548253739684,0.010760017176192746,0.010051836059153923,0.009431117764382038,0.00888260171636028,0.00839438244086322],[0.11797910382201998,0.0665109043002678,0.046638060751200305,0.03596550682803706,0.029273949112422152,0.024657633916922897,0.021230048071765203,0.018639083302203478,0.01661174682789795,0.014982166058086768,0.01364374101373276,0.012524840077055338,0.011575548253743309,0.010760017176200901,0.010051836059165865,0.009431117764396799,0.008882601716376766,0.008394382440880406],[0.11687627095295507,0.0659755432397559,0.04628979577043492,0.03571171869180479,0.029080140156410663,0.024524671730770393,0.02122883710968289,0.018639083295369483,0.016611746827043482,0.014982166057817041,0.01364374101363805,0.01252484007702274,0.011575548253732299,0.01076001717619756,0.010051836059166621,0.00943111776440122,0.00888260171638479,0.008394382440891579],[0.11614672868055058,0.06561659798117754,0.0460568287178316,0.03554251634109461,0.028949774129469905,0.024421189404331217,0.021115458800152795,0.018599006454806836,0.016611746660600078,0.014982166055769722,0.013643741013105884,0.01252484007681401,0.011575548253647946,0.010760017176165721,0.010051836059155212,0.009431117764396797,0.00888260171638336,0.008394382440892844],[0.11562399188339144,0.06535880436386778,0.04588958109658854,0.03542137207764655,0.028856733457924888,0.024347024289481732,0.021055062466503186,0.018545128031136907,0.016566731445759642,0.014982065406478425,0.013643741001503173,0.012524840075752374,0.011575548253259621,0.010760017175986632,0.010051836059073341,0.009431117764362808,0.008882601716370592,0.008394382440887577],[0.11522857188618227,0.06516493358939753,0.04576385923435487,0.035330275229097735,0.028786816738035494,0.02429141791763498,0.021009662905811737,0.018507524283284213,0.016536150115952282,0.014941854740528978,0.013637176419472359,0.012524839802919819,0.011575548249677551,0.010760017175292898,0.010051836058762465,0.009431117764199633,0.008882601716287214,0.008394382440849345]],"type":"surface","scene":"scene4"},{"colorscale":[[0.0,"#0d0887"],[0.1111111111111111,"#46039f"],[0.2222222222222222,"#7201a8"],[0.3333333333333333,"#9c179e"],[0.4444444444444444,"#bd3786"],[0.5555555555555556,"#d8576b"],[0.6666666666666666,"#ed7953"],[0.7777777777777778,"#fb9f3a"],[0.8888888888888888,"#fdca26"],[1.0,"#f0f921"]],"name":"NN","showlegend":true,"showscale":false,"x":[0.06157894736842105,0.1131578947368421,0.16473684210526315,0.2163157894736842,0.26789473684210524,0.3194736842105263,0.37105263157894736,0.4226315789473684,0.47421052631578947,0.5257894736842105,0.5773684210526315,0.6289473684210526,0.6805263157894736,0.7321052631578947,0.7836842105263158,0.8352631578947368,0.8868421052631579,0.9384210526315789],"y":[0.24240772690723,0.48480545381446,0.72720318072169,0.96960090762892,1.21199863453615,1.45439636144338,1.69679408835061,1.93919181525784],"z":[[0.058983963733531215,0.0332513009409288,0.023315487933569953,0.01797953438982552,0.014634136091865337,0.012329007623973898,0.010615188251973356,0.009319685825920859,0.008306001907163043,0.007491198917319635,0.0068219760423163115,0.006262516919187572,0.005787863664681737,0.005380091817711017,0.005025995781354745,0.004715631832663603,0.004441369565837311,0.004197256151673358],[0.08341747688653521,0.04702583991821273,0.03297439617200298,0.025428193861554798,0.0206969918004091,0.017435670009392817,0.015011988369041997,0.013179890163097422,0.011746339401954941,0.010594045847075899,0.009647631541709143,0.008856445021980299,0.00818519087492085,0.007608520345993039,0.0071077580935379695,0.006668841714730877,0.006280980297493193,0.0059357553568551245],[0.10216862457578489,0.05759717069200252,0.04038734281532505,0.03114496455506961,0.025350218158401,0.021354174047138623,0.018385792557311514,0.016141947389607395,0.014386219482895686,0.012974958712883254,0.011815846630995447,0.01084684832988796,0.010024736082152973,0.009318464237403564,0.00870516034535292,0.008167601609470894,0.007692571960966122,0.007269760938992521],[0.11797910382201998,0.0665109043002678,0.046638060751200305,0.03596550682803706,0.029273949112422152,0.024657633916922897,0.021230048071765203,0.018639083302203478,0.01661174682789795,0.014982166058086768,0.01364374101373276,0.012524840077055338,0.011575548253743309,0.010760017176200901,0.010051836059165865,0.009431117764396799,0.008882601716376766,0.008394382440880406],[0.1319107870177353,0.07436572614696163,0.05214633330330702,0.04021350294592598,0.03273161707863419,0.027568044397779268,0.023735890846965816,0.02083910715851769,0.018572478411302763,0.016750553602288255,0.015254150454627182,0.014003182467568402,0.012941843038479792,0.012030052515284299,0.011238282772843063,0.010544299337594836,0.00993104038502058,0.009385195204012224],[0.14450819748187366,0.08146868057817827,0.05712745547483073,0.044054953762702735,0.035858319260988016,0.03019925882722697,0.02600134780101311,0.022828082442070085,0.02034511676059965,0.018349299500911718,0.016710073109803377,0.015339707281568438,0.014177068988001161,0.01317825320021012,0.012310913499996952,0.01155069325866105,0.01087890219673075,0.010280959170770989],[0.15609477051259857,0.0880021691154855,0.061709325639314125,0.047588468789505595,0.03873430541833499,0.032618911626209536,0.028084651691625117,0.024657135048495885,0.021975226908192584,0.019819498943342825,0.018048932948446762,0.016568769409596413,0.01531297714190252,0.01423413331738849,0.013297299828402208,0.012476168522048173,0.011750551599101633,0.011104699632349333],[0.16688122913210343,0.09408504044480769,0.06597527896300492,0.050878295083227644,0.04141186032215075,0.0348710704990563,0.030023744500161084,0.026359576430921985,0.02349249708589234,0.021187927802316035,0.019295113832783237,0.017712753033126662,0.016370255123433555,0.01521692298677761,0.014215406228751818,0.013337580261254547,0.012561863427066083,0.011871418886482467]],"type":"surface","scene":"scene5"},{"colorscale":[[0.0,"#0d0887"],[0.1111111111111111,"#46039f"],[0.2222222222222222,"#7201a8"],[0.3333333333333333,"#9c179e"],[0.4444444444444444,"#bd3786"],[0.5555555555555556,"#d8576b"],[0.6666666666666666,"#ed7953"],[0.7777777777777778,"#fb9f3a"],[0.8888888888888888,"#fdca26"],[1.0,"#f0f921"]],"name":"NN","showlegend":true,"showscale":false,"x":[0.06157894736842105,0.1131578947368421,0.16473684210526315,0.2163157894736842,0.26789473684210524,0.3194736842105263,0.37105263157894736,0.4226315789473684,0.47421052631578947,0.5257894736842105,0.5773684210526315,0.6289473684210526,0.6805263157894736,0.7321052631578947,0.7836842105263158,0.8352631578947368,0.8868421052631579,0.9384210526315789],"y":[-0.0772377082793561,-0.055169791628111496,-0.033101874976866896,-0.011033958325622303,0.01103395832562229,0.033101874976866896,0.055169791628111475,0.07723770827935608],"z":[[0.11797918348738519,0.06651076429944629,0.0466380168921507,0.035965523632719716,0.029274019816400924,0.02465763391854511,0.02123004807176774,0.018639083302204047,0.01661174682789826,0.014982166058086983,0.013643741013732908,0.012524840077055425,0.011575548253743349,0.010760017176200903,0.010051836059165833,0.009431117764396743,0.008882601716376696,0.008394382440880335],[0.11797915190100318,0.06651080918398061,0.046638030525418754,0.03596551738357971,0.029273995807974816,0.024657633918002107,0.021230048071766885,0.01863908330220386,0.016611746827898156,0.014982166058086912,0.013643741013732858,0.012524840077055397,0.011575548253743335,0.010760017176200903,0.010051836059165844,0.009431117764396762,0.00888260171637672,0.008394382440880357],[0.11797912535495929,0.06651085585364747,0.046638045146273344,0.03596551178261666,0.029273972240334026,0.02465763391746136,0.02123004807176604,0.018639083302203673,0.016611746827898056,0.01498216605808684,0.01364374101373281,0.012524840077055368,0.011575548253743321,0.010760017176200903,0.010051836059165854,0.00943111776439678,0.008882601716376741,0.008394382440880381],[0.11797910382201998,0.0665109043002678,0.046638060751200305,0.03596550682803706,0.029273949112422152,0.024657633916922897,0.021230048071765203,0.018639083302203478,0.01661174682789795,0.014982166058086768,0.01364374101373276,0.012524840077055338,0.011575548253743309,0.010760017176200901,0.010051836059165865,0.009431117764396799,0.008882601716376766,0.008394382440880406],[0.11797908727509845,0.06651095451570116,0.046638077336698766,0.03596550251805166,0.029273926423184108,0.024657633916386756,0.02123004807176437,0.018639083302203294,0.01661174682789785,0.014982166058086697,0.013643741013732714,0.01252484007705531,0.011575548253743295,0.010760017176200901,0.010051836059165875,0.009431117764396814,0.008882601716376786,0.008394382440880428],[0.11797907568725409,0.0665110064918453,0.04663809489928111,0.03596549885087542,0.02927390417156609,0.024657633915852992,0.021230048071763544,0.018639083302203107,0.016611746827897747,0.014982166058086622,0.013643741013732665,0.012524840077055281,0.01157554825374328,0.0107600171762009,0.010051836059165884,0.009431117764396833,0.008882601716376809,0.008394382440880454],[0.1179790690316913,0.06651106022063613,0.04663811343547301,0.035965495824727474,0.029273882356515585,0.024657633915321626,0.02123004807176272,0.01863908330220292,0.016611746827897646,0.014982166058086553,0.013643741013732617,0.012524840077055252,0.011575548253743267,0.0107600171762009,0.010051836059165894,0.009431117764396852,0.008882601716376832,0.008394382440880479],[0.11797906728175901,0.06651111569404757,0.046638132941813286,0.0359654934378312,0.029273860976981383,0.02465763391479269,0.021230048071761903,0.018639083302202732,0.016611746827897542,0.01498216605808648,0.01364374101373257,0.012524840077055222,0.011575548253743257,0.010760017176200901,0.010051836059165906,0.00943111776439687,0.008882601716376856,0.008394382440880501]],"type":"surface","scene":"scene6"},{"colorscale":[[0.0,"#0d0887"],[0.1111111111111111,"#46039f"],[0.2222222222222222,"#7201a8"],[0.3333333333333333,"#9c179e"],[0.4444444444444444,"#bd3786"],[0.5555555555555556,"#d8576b"],[0.6666666666666666,"#ed7953"],[0.7777777777777778,"#fb9f3a"],[0.8888888888888888,"#fdca26"],[1.0,"#f0f921"]],"name":"NN","showlegend":true,"showscale":false,"x":[0.24240772690723,0.48480545381446,0.72720318072169,0.96960090762892,1.21199863453615,1.45439636144338,1.69679408835061,1.93919181525784],"y":[0.144560514746047,0.289111029492094,0.433661544238141,0.5782120589841879,0.7227625737302349,0.867313088476282,1.011863603222329,1.156414117968376],"z":[[5.590042172806998e-17,7.987120484384705e-17,9.916637783267393e-17,1.1633055624440679e-16,1.3229754563828728e-16,1.4750537057138894e-16,1.6218138246144521e-16,1.7644801496448556e-16],[1.8731044118905827e-17,2.732042349282898e-17,3.454046543166017e-17,4.1163909887601556e-17,4.745450429499707e-17,5.3519341391436246e-17,5.939799517299495e-17,6.509535319286689e-17],[-5.234706865549585e-17,-7.288400704417332e-17,-8.802038661884516e-17,-1.0033595306310708e-16,-1.1084469992582339e-16,-1.2007826093862998e-16,-1.2836503064353938e-16,-1.359316220326194e-16],[-1.2327660827435585e-16,-1.731628005523567e-16,-2.1103076214942017e-16,-2.427714490037217e-16,-2.7065624832937363e-16,-2.9584492806669223e-16,-3.1903135869796075e-16,-3.4067817581670324e-16],[-1.2938365118164493e-16,-1.547745707461669e-16,-1.59160606361014e-16,-1.5286720641387256e-16,-1.4051225397416252e-16,-1.2473950242546977e-16,-1.0726035411530364e-16,-8.92657090992368e-17],[5.740864621065601e-15,2.7878213740007665e-14,4.407009254968498e-14,5.379839809031142e-14,5.86242632052004e-14,6.013031210691938e-14,5.953261749584583e-14,5.768123341236277e-14],[3.2021122467925837e-09,5.454616986990469e-09,7.78440030048444e-09,1.023395270142713e-08,1.2803956044759035e-08,1.548348721216009e-08,1.825442566210585e-08,2.1091257531541602e-08],[3.1523180242972376e-09,4.129926033748651e-09,4.59306999972734e-09,4.7075979281803774e-09,4.5430886377788695e-09,4.139830170534236e-09,3.5258838999853025e-09,2.7233932494099037e-09]],"type":"surface","scene":"scene7"},{"colorscale":[[0.0,"#0d0887"],[0.1111111111111111,"#46039f"],[0.2222222222222222,"#7201a8"],[0.3333333333333333,"#9c179e"],[0.4444444444444444,"#bd3786"],[0.5555555555555556,"#d8576b"],[0.6666666666666666,"#ed7953"],[0.7777777777777778,"#fb9f3a"],[0.8888888888888888,"#fdca26"],[1.0,"#f0f921"]],"name":"NN","showlegend":true,"showscale":false,"x":[-0.0772377082793561,-0.055169791628111496,-0.033101874976866896,-0.011033958325622303,0.01103395832562229,0.033101874976866896,0.055169791628111475,0.07723770827935608],"y":[0.144560514746047,0.289111029492094,0.433661544238141,0.5782120589841879,0.7227625737302349,0.867313088476282,1.011863603222329,1.156414117968376],"z":[[1.1668375100502067e-16,1.165655756606341e-16,1.1644784581182888e-16,1.1633055624440679e-16,1.162137017876283e-16,1.1609713366677397e-16,1.1598113423028323e-16,1.1586555464695138e-16],[4.1679037334220265e-17,4.150727762958091e-17,4.133555213275574e-17,4.1163909887601556e-17,4.0992245074608274e-17,4.082060701237201e-17,4.064899327474292e-17,4.0477452166331537e-17],[-1.000033437230004e-16,-1.0011410387292795e-16,-1.0022505726835015e-16,-1.0033595306310708e-16,-1.004470425769098e-16,-1.0055807441246895e-16,-1.0066930042997428e-16,-1.0078046868071782e-16],[-2.4309939285597043e-16,-2.429897101606167e-16,-2.428804939536053e-16,-2.427714490037217e-16,-2.426631614494823e-16,-2.4255533596496714e-16,-2.4244797112812725e-16,-2.423410655417712e-16],[-1.6361949117593018e-16,-1.6002891662391547e-16,-1.564448082831107e-16,-1.5286720641387256e-16,-1.4929586102345903e-16,-1.4573125775708072e-16,-1.4217301168177212e-16,-1.3862145267509927e-16],[4.976066048522404e-14,5.111250637237045e-14,5.245845768733527e-14,5.379839809031142e-14,5.5132221702520936e-14,5.6459814262271136e-14,5.778107761137266e-14,5.909589469595394e-14],[9.691588133223643e-09,9.87266073155442e-09,1.0053448590882104e-08,1.023395270142713e-08,1.0414174053462662e-08,1.059411363728866e-08,1.0773772443209422e-08,1.0953151461506168e-08],[4.5400645631181295e-09,4.596234477344514e-09,4.652078526166486e-09,4.7075979281803774e-09,4.762793899403858e-09,4.8176676532906945e-09,4.872220400747132e-09,4.926453350146305e-09]],"type":"surface","scene":"scene8"},{"colorscale":[[0.0,"#0d0887"],[0.1111111111111111,"#46039f"],[0.2222222222222222,"#7201a8"],[0.3333333333333333,"#9c179e"],[0.4444444444444444,"#bd3786"],[0.5555555555555556,"#d8576b"],[0.6666666666666666,"#ed7953"],[0.7777777777777778,"#fb9f3a"],[0.8888888888888888,"#fdca26"],[1.0,"#f0f921"]],"name":"NN","showlegend":true,"showscale":false,"x":[-0.0772377082793561,-0.055169791628111496,-0.033101874976866896,-0.011033958325622303,0.01103395832562229,0.033101874976866896,0.055169791628111475,0.07723770827935608],"y":[0.24240772690723,0.48480545381446,0.72720318072169,0.96960090762892,1.21199863453615,1.45439636144338,1.69679408835061,1.93919181525784],"z":[[-1.2352144353254326e-16,-1.2343933332498027e-16,-1.2335782248006294e-16,-1.2327660827435585e-16,-1.2319598612531865e-16,-1.2311565382296952e-16,-1.230357573498183e-16,-1.229564423151524e-16],[-1.7345999287788236e-16,-1.7336037309229494e-16,-1.7326124011467257e-16,-1.731628005523567e-16,-1.7306463163223984e-16,-1.7296694017589006e-16,-1.7286972315213863e-16,-1.727729775709124e-16],[-2.1134993354329217e-16,-2.1124306540062165e-16,-2.1113667571077376e-16,-2.1103076214942017e-16,-2.1092532242634819e-16,-2.1082009907810423e-16,-2.1071560043435498e-16,-2.1061156895855892e-16],[-2.4309939285597043e-16,-2.429897101606167e-16,-2.428804939536053e-16,-2.427714490037217e-16,-2.426631614494823e-16,-2.4255533596496714e-16,-2.4244797112812725e-16,-2.423410655417712e-16],[-2.7098504958477374e-16,-2.7087509592220174e-16,-2.7076527744562616e-16,-2.7065624832937363e-16,-2.7054768024590077e-16,-2.7043957244257407e-16,-2.703315973640612e-16,-2.702244080813955e-16],[-2.961689413428264e-16,-2.9606058680487363e-16,-2.959527016096662e-16,-2.9584492806669223e-16,-2.9573798107811088e-16,-2.956315028326534e-16,-2.9552513611685397e-16,-2.9541959499453354e-16],[-3.193459740280642e-16,-3.1924048719352547e-16,-3.1913587229631597e-16,-3.1903135869796075e-16,-3.1892771725314477e-16,-3.188245628585524e-16,-3.187215109936827e-16,-3.186193316796726e-16],[-3.4097773203988227e-16,-3.4087750470156237e-16,-3.4077737823585366e-16,-3.4067817581670324e-16,-3.405790757937847e-16,-3.4048090079538113e-16,-3.40382829739248e-16,-3.40285684712898e-16]],"type":"surface","scene":"scene9"},{"colorscale":[[0.0,"#0d0887"],[0.1111111111111111,"#46039f"],[0.2222222222222222,"#7201a8"],[0.3333333333333333,"#9c179e"],[0.4444444444444444,"#bd3786"],[0.5555555555555556,"#d8576b"],[0.6666666666666666,"#ed7953"],[0.7777777777777778,"#fb9f3a"],[0.8888888888888888,"#fdca26"],[1.0,"#f0f921"]],"name":"NN","showlegend":true,"showscale":false,"x":[0.06157894736842105,0.1131578947368421,0.16473684210526315,0.2163157894736842,0.26789473684210524,0.3194736842105263,0.37105263157894736,0.4226315789473684,0.47421052631578947,0.5257894736842105,0.5773684210526315,0.6289473684210526,0.6805263157894736,0.7321052631578947,0.7836842105263158,0.8352631578947368,0.8868421052631579,0.9384210526315789],"y":[0.144560514746047,0.289111029492094,0.433661544238141,0.5782120589841879,0.7227625737302349,0.867313088476282,1.011863603222329,1.156414117968376],"z":[[-3.930597297409314e-05,-4.2410909195552343e-13,-9.900000672821854e-15,-1.7749873497560327e-15,-5.438726606278082e-16,-1.5465577655737337e-16,9.928156129704762e-18,8.521723768044585e-17,1.1633055624440679e-16,1.238856428183478e-16,1.1941506710099435e-16,1.0970219427454409e-16,9.85243004566718e-17,8.774985945835411e-17,7.81340553691061e-17,6.98547156892824e-17,6.283304619144648e-17,7.182282958912505e-17],[-4.640853797716742e-06,-3.087655950791997e-06,-1.225068476045386e-11,-8.807877847651516e-15,-1.391068936381619e-15,-4.868160398381148e-16,-1.8786921528999262e-16,-4.092787497682251e-17,4.1163909887601556e-17,8.581935785758518e-17,1.0574672284977828e-16,1.0955797152422817e-16,1.040047079199569e-16,9.406875598827561e-17,8.295505686819144e-17,7.24016766836544e-17,6.31477827866817e-17,5.535958841085822e-17],[-1.2385839134060607e-06,-2.6245981401325013e-07,-3.895180349530021e-07,-2.93256056219478e-07,-1.5767848781352604e-14,-1.3421417800583832e-15,-4.812155281876684e-16,-2.3304456469433307e-16,-1.0033595306310708e-16,-1.6672013531283155e-17,3.7955502427027914e-17,7.153835411492036e-17,8.839622243198255e-17,9.258066708684676e-17,8.841349034583831e-17,7.982947918688964e-17,6.975858878838095e-17,5.99846084386698e-17],[-7.809334116461618e-07,1.1140105266975819e-07,5.9531311326455056e-08,-2.114301991612238e-08,-1.0870720710051619e-07,-2.5154882228123807e-13,-1.2720564010996684e-15,-4.1307117746569797e-16,-2.427714490037217e-16,-1.4597500001899586e-16,-7.14233295337326e-17,-1.5500502903576153e-17,2.5378500762681355e-17,5.3454375128193194e-17,6.975915106370722e-17,7.577979423110485e-17,7.404092327199661e-17,6.755350034412913e-17],[-5.468945296584233e-07,1.3274382631142079e-07,1.1976547382623687e-07,5.867191564689446e-08,2.114705870858024e-08,-9.301418390308128e-09,-5.296190304665372e-10,-6.719792818604225e-16,-1.5286720641387256e-16,-1.5824809102618649e-16,-1.4305602641986754e-16,-1.0524864597578619e-16,-6.035440221771785e-17,-2.04583530058166e-17,1.1669624497494289e-17,3.600790998619548e-17,5.221835345999255e-17,6.025077661163747e-17],[-2.0104578837733837e-07,9.522237771242448e-08,9.79347651657519e-08,5.1954352596718065e-08,2.4533478671186455e-08,1.2638614386312612e-08,6.725941568664694e-09,4.0024892311751995e-09,5.379839809031142e-14,7.522051752531396e-16,9.028546838041578e-17,-4.93118454959962e-17,-8.758456171102742e-17,-8.106363116009751e-17,-5.511662076782613e-17,-2.613502055916353e-17,-4.098021818067314e-19,2.0766563207679044e-17],[1.7280564304265477e-07,4.339065835012261e-08,4.535105429818571e-08,1.859993344128479e-08,3.4720015827223134e-09,-3.135557356163348e-10,2.3058992216706032e-09,6.5312397905314e-09,1.023395270142713e-08,5.847881146724028e-11,8.327920766196453e-15,7.066602224028665e-16,1.7291724989093222e-16,1.1261119002110133e-17,-5.0171811062873415e-17,-6.333909121921051e-17,-5.142907433817541e-17,-3.085916386073762e-17],[4.499892301566737e-07,-2.750258713424852e-08,-2.4171194460304637e-08,-2.9049597484703724e-08,-2.772449913166895e-08,-2.101402690505058e-08,-1.2014668928061665e-08,-2.804134105606765e-09,4.7075979281803774e-09,9.739291822410054e-09,4.183076730031158e-09,2.4420104928470103e-13,3.4588457938171963e-15,6.214909571034618e-16,2.0747493765463288e-16,5.0509103634924374e-17,-2.1496740673166355e-17,-4.805859997385718e-17]],"type":"surface","scene":"scene10"},{"colorscale":[[0.0,"#0d0887"],[0.1111111111111111,"#46039f"],[0.2222222222222222,"#7201a8"],[0.3333333333333333,"#9c179e"],[0.4444444444444444,"#bd3786"],[0.5555555555555556,"#d8576b"],[0.6666666666666666,"#ed7953"],[0.7777777777777778,"#fb9f3a"],[0.8888888888888888,"#fdca26"],[1.0,"#f0f921"]],"name":"NN","showlegend":true,"showscale":false,"x":[0.06157894736842105,0.1131578947368421,0.16473684210526315,0.2163157894736842,0.26789473684210524,0.3194736842105263,0.37105263157894736,0.4226315789473684,0.47421052631578947,0.5257894736842105,0.5773684210526315,0.6289473684210526,0.6805263157894736,0.7321052631578947,0.7836842105263158,0.8352631578947368,0.8868421052631579,0.9384210526315789],"y":[0.24240772690723,0.48480545381446,0.72720318072169,0.96960090762892,1.21199863453615,1.45439636144338,1.69679408835061,1.93919181525784],"z":[[-5.063665622292234e-07,-2.294844045983038e-08,-2.3217125287873645e-08,-4.674558440085137e-08,-7.315395647878351e-08,-2.8735447751102947e-13,-7.483740541951342e-16,-2.1263864250078185e-16,-1.2327660827435585e-16,-7.543425155000254e-17,-3.8022339409383517e-17,-9.63255847366153e-18,1.0969669372431201e-17,2.484801332147163e-17,3.2728143199947135e-17,3.5573633324798194e-17,3.4744424041125577e-17,3.171790737627246e-17],[-6.606751977856922e-07,9.241143465975736e-09,-6.777052612182447e-09,-4.8712710235076036e-08,-9.443843196862441e-08,-3.0633073879857535e-13,-9.966576653853541e-16,-2.967084558191548e-16,-1.731628005523567e-16,-1.0543041893471255e-16,-5.2641460960293414e-17,-1.27276937606303e-17,1.6304742030480023e-17,3.598602128504464e-17,4.724290409429472e-17,5.133473881092853e-17,5.0139384380008176e-17,4.5758709325116875e-17],[-7.424765203956511e-07,5.585519856076594e-08,2.2056523080551107e-08,-3.882753859814691e-08,-1.048208600019305e-07,-2.849113157229753e-13,-1.1563329610263633e-15,-3.5997924494021304e-16,-2.1103076214942017e-16,-1.2773053333744422e-16,-6.314570417806264e-17,-1.4502977166040692e-17,2.0964356892438298e-17,4.5163441571625986e-17,5.910855187594274e-17,6.421520435149992e-17,6.272745605047909e-17,5.723602794312133e-17],[-7.809334116461618e-07,1.1140105266975819e-07,5.9531311326455056e-08,-2.114301991612238e-08,-1.0870720710051619e-07,-2.5154882228123807e-13,-1.2720564010996684e-15,-4.1307117746569797e-16,-2.427714490037217e-16,-1.4597500001899586e-16,-7.14233295337326e-17,-1.5500502903576153e-17,2.5378500762681355e-17,5.3454375128193194e-17,6.975915106370722e-17,7.577979423110485e-17,7.404092327199661e-17,6.755350034412913e-17],[-7.866008015372069e-07,1.743934641439552e-07,1.0418255911494335e-07,2.5839318026259638e-09,-1.0792762602044836e-07,-2.1638703152070571e-13,-1.362401120744555e-15,-4.601457959090903e-16,-2.7065624832937363e-16,-1.6157696308610315e-16,-7.821706901868403e-17,-1.5944241652612395e-17,2.969771041100262e-17,6.125658577731648e-17,7.973138165607733e-17,8.661697098617446e-17,8.46589685200031e-17,7.724427319300641e-17],[-7.635447158091527e-07,2.4474909606427145e-07,1.5535173442650726e-07,3.1376997972612576e-08,-1.0347442813150162e-07,-1.8340519719505362e-13,-1.4374049413911421e-15,-5.033626049312808e-16,-2.9584492806669223e-16,-1.7526451058565065e-16,-8.391626745052805e-17,-1.5959281199168797e-17,3.39869604127802e-17,6.876019568109784e-17,8.928595835318008e-17,9.701560623063574e-17,9.486807023547242e-17,8.657362837658625e-17],[-7.127641486861789e-07,3.2295628483485134e-07,2.1274092350118336e-07,6.461717940848037e-08,-9.596386186117391e-08,-1.54033904632846e-13,-1.503268518299968e-15,-5.440285024240404e-16,-3.1903135869796075e-16,-1.8747643053391515e-16,-8.876018015767426e-17,-1.56290822464853e-17,3.8274151171146014e-17,7.606605400228885e-17,9.856577629262615e-17,1.0713660304367411e-16,1.0482969758348653e-16,9.569312122484132e-17],[-6.335797025581473e-07,4.0974286603825284e-07,2.7623379191180277e-07,1.0187676390372814e-07,-8.581205377866051e-08,-1.285775673277202e-13,-1.5641526273072532e-15,-5.830262879222302e-16,-3.4067817581670324e-16,-1.9850790497613807e-16,-9.291301135956197e-17,-1.5016738938158613e-17,4.2567720467453826e-17,8.322915737580371e-17,1.0765288401394972e-16,1.1707477541549915e-16,1.1464125284403964e-16,1.0469538287919079e-16]],"type":"surface","scene":"scene11"},{"colorscale":[[0.0,"#0d0887"],[0.1111111111111111,"#46039f"],[0.2222222222222222,"#7201a8"],[0.3333333333333333,"#9c179e"],[0.4444444444444444,"#bd3786"],[0.5555555555555556,"#d8576b"],[0.6666666666666666,"#ed7953"],[0.7777777777777778,"#fb9f3a"],[0.8888888888888888,"#fdca26"],[1.0,"#f0f921"]],"name":"NN","showlegend":true,"showscale":false,"x":[0.06157894736842105,0.1131578947368421,0.16473684210526315,0.2163157894736842,0.26789473684210524,0.3194736842105263,0.37105263157894736,0.4226315789473684,0.47421052631578947,0.5257894736842105,0.5773684210526315,0.6289473684210526,0.6805263157894736,0.7321052631578947,0.7836842105263158,0.8352631578947368,0.8868421052631579,0.9384210526315789],"y":[-0.0772377082793561,-0.055169791628111496,-0.033101874976866896,-0.011033958325622303,0.01103395832562229,0.033101874976866896,0.055169791628111475,0.07723770827935608],"z":[[-8.43116542119989e-07,9.28094094224617e-08,4.989547975622846e-08,-2.736156728911105e-08,-1.1305954352023553e-07,-2.552478206376138e-13,-1.2920949644914738e-15,-4.1530801187095734e-16,-2.4309939285597043e-16,-1.4596754109108558e-16,-7.126204173905832e-17,-1.5224502665417088e-17,2.5703863120339186e-17,5.375513547088943e-17,6.998920447339287e-17,7.593327685141965e-17,7.414054858646208e-17,6.76295813255899e-17],[-8.222884804269211e-07,9.903672114438281e-08,5.311934054060084e-08,-2.5283078936135586e-08,-1.1160544814052922e-07,-2.5402965214281226e-13,-1.2854100436265507e-15,-4.145604534348851e-16,-2.429897101606167e-16,-1.4596996574412923e-16,-7.131589181724694e-17,-1.5316636190914956e-17,2.5595295520476514e-17,5.365481748448898e-17,6.991241733391789e-17,7.588195804354157e-17,7.410711776190478e-17,6.760395351574177e-17],[-8.015609016081868e-07,1.0523388684253638e-07,5.633126862609909e-08,-2.321023397167321e-08,-1.1015467019725005e-07,-2.527966277024886e-13,-1.2787297879408044e-15,-4.1381453775623813e-16,-2.428804939536053e-16,-1.459725740039387e-16,-7.136962415532329e-17,-1.5408649237505575e-17,2.5486841582709822e-17,5.3554518697396625e-17,6.983573329947853e-17,7.583079764924701e-17,7.407390976325304e-17,6.757859354659858e-17],[-7.809334116461618e-07,1.1140105266975819e-07,5.9531311326455056e-08,-2.114301991612238e-08,-1.0870720710051619e-07,-2.5154882228123807e-13,-1.2720564010996684e-15,-4.1307117746569797e-16,-2.427714490037217e-16,-1.4597500001899586e-16,-7.14233295337326e-17,-1.5500502903576153e-17,2.5378500762681355e-17,5.3454375128193194e-17,6.975915106370722e-17,7.577979423110485e-17,7.404092327199661e-17,6.755350034412913e-17],[-7.604056175687496e-07,1.1753836408770378e-07,6.271951580559735e-08,-1.9081424291562343e-08,-1.0726305624183941e-07,-2.502863124126362e-13,-1.2653889508829356e-15,-4.123294647950606e-16,-2.426631614494823e-16,-1.4597760900981057e-16,-7.147682691727503e-17,-1.5592236930647982e-17,2.5270272524570286e-17,5.3354249138358713e-17,6.968266932900686e-17,7.572894635826224e-17,7.40082503380272e-17,6.752875752050546e-17],[-7.399771274443284e-07,1.2364596587278987e-07,6.589592907881087e-08,-1.7025434621831038e-08,-1.0582221499433165e-07,-2.490091370657496e-13,-1.2587275522940948e-15,-4.115898565275454e-16,-2.4255533596496714e-16,-1.459802179087868e-16,-7.153020701825821e-17,-1.5683811937915636e-17,2.51621563410008e-17,5.3254276258775735e-17,6.960637548707193e-17,7.567825260638405e-17,7.397570288614166e-17,6.750419461448238e-17],[-7.196475503773203e-07,1.2972400212212332e-07,6.906059801386808e-08,-1.4975038432610668e-08,-1.0438468071292591e-07,-2.477173767513465e-13,-1.2520723203762762e-15,-4.1085235439186316e-16,-2.4244797112812725e-16,-1.4598264366731872e-16,-7.158356081296169e-17,-1.577524799455125e-17,2.505415169293814e-17,5.3154319377037274e-17,6.95300908013923e-17,7.562771155759746e-17,7.394337301396438e-17,6.747989527375694e-17],[-6.99416496503705e-07,1.3577261625938371e-07,7.221356933214384e-08,-1.2930223251517145e-08,-1.0295045073456799e-07,-2.464111135314382e-13,-1.2454233702044252e-15,-4.1011696017507974e-16,-2.423410655417712e-16,-1.4598525151046821e-16,-7.163670686660908e-17,-1.5866565631362873e-17,2.494625806959827e-17,5.3054513536813694e-17,6.94539027760098e-17,7.557732180043124e-17,7.391135267073355e-17,6.745585843775526e-17]],"type":"surface","scene":"scene12"},{"colorscale":[[0.0,"#0d0887"],[0.1111111111111111,"#46039f"],[0.2222222222222222,"#7201a8"],[0.3333333333333333,"#9c179e"],[0.4444444444444444,"#bd3786"],[0.5555555555555556,"#d8576b"],[0.6666666666666666,"#ed7953"],[0.7777777777777778,"#fb9f3a"],[0.8888888888888888,"#fdca26"],[1.0,"#f0f921"]],"name":"NN","showlegend":true,"showscale":false,"x":[0.24240772690723,0.48480545381446,0.72720318072169,0.96960090762892,1.21199863453615,1.45439636144338,1.69679408835061,1.93919181525784],"y":[0.144560514746047,0.289111029492094,0.433661544238141,0.5782120589841879,0.7227625737302349,0.867313088476282,1.011863603222329,1.156414117968376],"z":[[-2.9014016268515187e-15,-4.077565623238819e-15,-4.9407012911812464e-15,-5.621208563133091e-15,-6.168708618276455e-15,-6.608539895016692e-15,-6.955987251319639e-15,-7.221539689378351e-15],[-2.590572847402004e-15,-3.646819619139741e-15,-4.435922134504367e-15,-5.075799313393806e-15,-5.611098261719574e-15,-6.064279386701864e-15,-6.448565565227352e-15,-6.772712103921844e-15],[-2.577327896994434e-15,-3.624647711753888e-15,-4.414206270577373e-15,-5.065984514398e-15,-5.625533795299765e-15,-6.1156879816694405e-15,-6.549801919370212e-15,-6.936549875209888e-15],[-1.1755991185646094e-15,-1.7430270580960998e-15,-2.2375162575935025e-15,-2.7031877553119602e-15,-3.1541993075611276e-15,-3.5962511372718e-15,-4.0319586412547775e-15,-4.462705070861952e-15],[1.2388469126758901e-14,1.6853614339200563e-14,1.9798659976107233e-14,2.1868225431489248e-14,2.3324330968552592e-14,2.4308234859257485e-14,2.4908144239380654e-14,2.5184391818172696e-14],[1.4729232791903114e-11,1.4905906642036358e-11,1.330595686403294e-11,1.1395238224509963e-11,9.605008323362607e-12,8.054641832544151e-12,6.755270388908943e-12,5.6815347460406675e-12],[1.1841196290992472e-06,1.680054401245997e-06,2.0615154007768567e-06,2.3810361720635153e-06,2.6574914654263627e-06,2.899087842372525e-06,3.1091857657431153e-06,3.2884438561457506e-06],[1.050977509453092e-06,1.4643304771756459e-06,1.76392535764695e-06,1.999991537853034e-06,2.1920218298168987e-06,2.3499858235554498e-06,2.47975688605844e-06,2.58510785485616e-06]],"type":"surface","scene":"scene13"},{"colorscale":[[0.0,"#0d0887"],[0.1111111111111111,"#46039f"],[0.2222222222222222,"#7201a8"],[0.3333333333333333,"#9c179e"],[0.4444444444444444,"#bd3786"],[0.5555555555555556,"#d8576b"],[0.6666666666666666,"#ed7953"],[0.7777777777777778,"#fb9f3a"],[0.8888888888888888,"#fdca26"],[1.0,"#f0f921"]],"name":"NN","showlegend":true,"showscale":false,"x":[-0.0772377082793561,-0.055169791628111496,-0.033101874976866896,-0.011033958325622303,0.01103395832562229,0.033101874976866896,0.055169791628111475,0.07723770827935608],"y":[0.144560514746047,0.289111029492094,0.433661544238141,0.5782120589841879,0.7227625737302349,0.867313088476282,1.011863603222329,1.156414117968376],"z":[[-5.626105762686908e-15,-5.624478519413493e-15,-5.622846090763881e-15,-5.621208563133091e-15,-5.619566021930239e-15,-5.61791160055495e-15,-5.6162592864403066e-15,-5.614602209206262e-15],[-5.079092462813846e-15