{"data":[{"colorscale":[[0.0,"#0d0887"],[0.1111111111111111,"#46039f"],[0.2222222222222222,"#7201a8"],[0.3333333333333333,"#9c179e"],[0.4444444444444444,"#bd3786"],[0.5555555555555556,"#d8576b"],[0.6666666666666666,"#ed7953"],[0.7777777777777778,"#fb9f3a"],[0.8888888888888888,"#fdca26"],[1.0,"#f0f921"]],"name":"NN","showlegend":true,"showscale":false,"x":[1e-05,0.24240772690723,0.48480545381446,0.72720318072169,0.96960090762892,1.21199863453615,1.45439636144338,1.69679408835061,1.93919181525784,2.18158954216506],"y":[1e-05,0.144560514746047,0.289111029492094,0.433661544238141,0.5782120589841879,0.7227625737302349,0.867313088476282,1.011863603222329,1.156414117968376,1.300964632714423],"z":[[0.9999999999091881,0.999999999909045,0.999999999908903,0.999999999908763,0.9999999999086256,0.9999999999084916,0.9999999999083614,0.9999999999082355,0.9999999999081142,0.9999999999079978],[0.9999999999107577,0.9999999999106335,0.9999999999105098,0.9999999999103872,0.9999999999102661,0.9999999999101471,0.9999999999100304,0.9999999999099166,0.9999999999098058,0.9999999999096983],[0.999999999911803,0.9999999999116921,0.9999999999115816,0.9999999999114717,0.9999999999113627,0.9999999999112549,0.9999999999111483,0.9999999999110433,0.99999999991094,0.9999999999108387],[0.9999999999118031,0.9999999999116925,0.9999999999115827,0.9999999999114735,0.9999999999113649,0.999999999911257,0.9999999999111499,0.9999999999110435,0.9999999999109382,0.9999999999108339],[0.9999999999084506,0.9999999999084015,0.99999999990835,0.999999999908296,0.9999999999082396,0.9999999999081806,0.999999999908119,0.9999999999080551,0.9999999999079887,0.9999999999079202],[0.9999999998837108,0.9999999998842499,0.9999999998847695,0.9999999998852686,0.9999999998857465,0.9999999998862031,0.9999999998866382,0.9999999998870516,0.999999999887443,0.9999999998878127],[0.9999999967914535,0.999999997545557,0.999999998079788,0.999999998465444,0.9999999987488891,0.999999998960774,0.9999999991217001,0.9999999992457433,0.9999999993426757,0.9999999994193871],[0.9989690110388799,0.9990196510858392,0.9990704862133529,0.9991214513984529,0.9991724705777298,0.9992234520939848,0.9992742843580087,0.9993248318583339,0.9993749318042163,0.9994243918308738],[0.9972825730800814,0.9973279861448465,0.9973727665889565,0.9974168461262453,0.997460163307428,0.997502661255982,0.9975442861231245,0.9975849860495463,0.9976247104887227,0.9976634097940481],[0.9959630724855939,0.9960062670443601,0.9960484774719066,0.9960896319717296,0.9961296686962281,0.9961685329329735,0.9962061751854546,0.9962425498813103,0.9962776145218146,0.9963113291446111]],"type":"surface","scene":"scene"},{"colorscale":[[0.0,"#0d0887"],[0.1111111111111111,"#46039f"],[0.2222222222222222,"#7201a8"],[0.3333333333333333,"#9c179e"],[0.4444444444444444,"#bd3786"],[0.5555555555555556,"#d8576b"],[0.6666666666666666,"#ed7953"],[0.7777777777777778,"#fb9f3a"],[0.8888888888888888,"#fdca26"],[1.0,"#f0f921"]],"name":"NN","showlegend":true,"showscale":false,"x":[-0.09930562493060069,-0.0772377082793561,-0.055169791628111496,-0.033101874976866896,-0.011033958325622303,0.01103395832562229,0.033101874976866896,0.055169791628111475,0.07723770827935608,0.09930562493060069],"y":[1e-05,0.144560514746047,0.289111029492094,0.433661544238141,0.5782120589841879,0.7227625737302349,0.867313088476282,1.011863603222329,1.156414117968376,1.300964632714423],"z":[[0.999999999908616,0.9999999999086184,0.9999999999086209,0.9999999999086232,0.9999999999086256,0.999999999908628,0.9999999999086304,0.9999999999086329,0.9999999999086352,0.9999999999086376],[0.9999999999102577,0.9999999999102598,0.9999999999102619,0.999999999910264,0.9999999999102661,0.9999999999102682,0.9999999999102704,0.9999999999102726,0.9999999999102747,0.9999999999102768],[0.9999999999113597,0.9999999999113605,0.9999999999113612,0.999999999911362,0.9999999999113627,0.9999999999113635,0.9999999999113642,0.999999999911365,0.9999999999113657,0.9999999999113665],[0.9999999999113721,0.9999999999113703,0.9999999999113686,0.9999999999113667,0.9999999999113649,0.999999999911363,0.9999999999113612,0.9999999999113593,0.9999999999113576,0.9999999999113557],[0.9999999999082573,0.9999999999082528,0.9999999999082484,0.999999999908244,0.9999999999082396,0.9999999999082352,0.9999999999082307,0.9999999999082263,0.9999999999082219,0.9999999999082175],[0.9999999998857582,0.9999999998857552,0.9999999998857523,0.9999999998857494,0.9999999998857465,0.9999999998857438,0.9999999998857411,0.9999999998857385,0.999999999885736,0.9999999998857334],[0.9999999987451653,0.9999999987460594,0.9999999987469781,0.9999999987479213,0.9999999987488891,0.9999999987498812,0.9999999987508976,0.999999998751938,0.9999999987530025,0.9999999987540908],[0.999171749430958,0.999171924758956,0.9991721033962206,0.9991722853375423,0.9991724705777298,0.9991726591116099,0.9991728509340273,0.9991730460398448,0.9991732444239435,0.9991734460812224],[0.9974598270840841,0.9974599096004693,0.9974599931471317,0.9974600777181007,0.997460163307428,0.9974602499091872,0.9974603375174745,0.9974604261264082,0.9974605157301285,0.9974606063227979],[0.9961299499859931,0.9961298800605978,0.9961298098748892,0.9961297394222852,0.9961296686962281,0.9961295976901838,0.9961295263976421,0.9961294548121166,0.9961293829271443,0.9961293107362862]],"type":"surface","scene":"scene2"},{"colorscale":[[0.0,"#0d0887"],[0.1111111111111111,"#46039f"],[0.2222222222222222,"#7201a8"],[0.3333333333333333,"#9c179e"],[0.4444444444444444,"#bd3786"],[0.5555555555555556,"#d8576b"],[0.6666666666666666,"#ed7953"],[0.7777777777777778,"#fb9f3a"],[0.8888888888888888,"#fdca26"],[1.0,"#f0f921"]],"name":"NN","showlegend":true,"showscale":false,"x":[-0.09930562493060069,-0.0772377082793561,-0.055169791628111496,-0.033101874976866896,-0.011033958325622303,0.01103395832562229,0.033101874976866896,0.055169791628111475,0.07723770827935608,0.09930562493060069],"y":[1e-05,0.24240772690723,0.48480545381446,0.72720318072169,0.96960090762892,1.21199863453615,1.45439636144338,1.69679408835061,1.93919181525784,2.18158954216506],"z":[[0.9999999999084688,0.9999999999084642,0.9999999999084597,0.9999999999084551,0.9999999999084506,0.999999999908446,0.9999999999084416,0.999999999908437,0.9999999999084325,0.9999999999084279],[0.9999999999084195,0.9999999999084149,0.9999999999084105,0.9999999999084059,0.9999999999084015,0.9999999999083969,0.9999999999083925,0.9999999999083881,0.9999999999083835,0.9999999999083791],[0.9999999999083679,0.9999999999083634,0.999999999908359,0.9999999999083545,0.99999999990835,0.9999999999083455,0.9999999999083411,0.9999999999083367,0.9999999999083322,0.9999999999083278],[0.9999999999083139,0.9999999999083093,0.9999999999083049,0.9999999999083005,0.999999999908296,0.9999999999082916,0.9999999999082873,0.9999999999082828,0.9999999999082784,0.9999999999082739],[0.9999999999082573,0.9999999999082528,0.9999999999082484,0.999999999908244,0.9999999999082396,0.9999999999082352,0.9999999999082307,0.9999999999082263,0.9999999999082219,0.9999999999082175],[0.9999999999081982,0.9999999999081938,0.9999999999081893,0.999999999908185,0.9999999999081806,0.9999999999081761,0.9999999999081717,0.9999999999081673,0.9999999999081629,0.9999999999081585],[0.9999999999081366,0.9999999999081323,0.9999999999081278,0.9999999999081234,0.999999999908119,0.9999999999081146,0.9999999999081102,0.9999999999081058,0.9999999999081014,0.9999999999080971],[0.9999999999080726,0.9999999999080682,0.9999999999080639,0.9999999999080594,0.9999999999080551,0.9999999999080507,0.9999999999080462,0.9999999999080419,0.9999999999080375,0.9999999999080331],[0.9999999999080064,0.9999999999080019,0.9999999999079975,0.9999999999079932,0.9999999999079887,0.9999999999079844,0.9999999999079799,0.9999999999079756,0.9999999999079712,0.9999999999079668],[0.9999999999079378,0.9999999999079333,0.999999999907929,0.9999999999079245,0.9999999999079202,0.9999999999079158,0.9999999999079114,0.999999999907907,0.9999999999079027,0.9999999999078982]],"type":"surface","scene":"scene3"},{"colorscale":[[0.0,"#0d0887"],[0.1111111111111111,"#46039f"],[0.2222222222222222,"#7201a8"],[0.3333333333333333,"#9c179e"],[0.4444444444444444,"#bd3786"],[0.5555555555555556,"#d8576b"],[0.6666666666666666,"#ed7953"],[0.7777777777777778,"#fb9f3a"],[0.8888888888888888,"#fdca26"],[1.0,"#f0f921"]],"name":"NN","showlegend":true,"showscale":false,"x":[0.01,0.06157894736842105,0.1131578947368421,0.16473684210526315,0.2163157894736842,0.26789473684210524,0.3194736842105263,0.37105263157894736,0.4226315789473684,0.47421052631578947,0.5257894736842105,0.5773684210526315,0.6289473684210526,0.6805263157894736,0.7321052631578947,0.7836842105263158,0.8352631578947368,0.8868421052631579,0.9384210526315789,0.99],"y":[1e-05,0.144560514746047,0.289111029492094,0.433661544238141,0.5782120589841879,0.7227625737302349,0.867313088476282,1.011863603222329,1.156414117968376,1.300964632714423],"z":[[0.9992811530541483,0.9999999983260572,0.9999999997916655,0.9999999998776736,0.9999999998975284,0.9999999999045514,0.9999999999074252,0.999999999908548,0.9999999999088119,0.9999999999086256,0.9999999999082054,0.9999999999076757,0.9999999999071117,0.9999999999065595,0.9999999999060472,0.9999999999055915,0.9999999999052016,0.999999999904881,0.9999999999046295,0.9999999999044444],[0.5052538496814245,0.9745082028171028,0.9999999992319045,0.9999999998461653,0.9999999998920929,0.9999999999034739,0.9999999999077255,0.9999999999095258,0.9999999999101988,0.9999999999102661,0.9999999999099904,0.9999999999095261,0.9999999999089717,0.999999999908391,0.9999999999078254,0.9999999999073015,0.9999999999068354,0.9999999999064363,0.9999999999061079,0.9999999999058502],[0.4715489728166474,0.9038854836033051,0.9794814087342848,0.9999999922211948,0.9999999998373185,0.99999999989412,0.9999999999054817,0.9999999999092071,0.9999999999107457,0.9999999999113627,0.9999999999114693,0.9999999999112571,0.9999999999108465,0.9999999999103243,0.9999999999097543,0.9999999999091822,0.9999999999086394,0.9999999999081463,0.9999999999077152,0.9999999999073522],[0.45849401723948346,0.8799104546242956,0.9549572409499538,0.9848397393302273,0.9996518868267408,0.9999999997625394,0.9999999998865361,0.9999999999045017,0.9999999999095387,0.9999999999113649,0.9999999999121266,0.9999999999123939,0.9999999999123493,0.9999999999120827,0.9999999999116627,0.9999999999111501,0.9999999999105964,0.9999999999100424,0.9999999999095173,0.9999999999090404],[0.4512245178586684,0.8677260551357061,0.9427049103527908,0.9728770594539866,0.9884701160284348,0.9974657070488232,0.9999999985930069,0.9999999998636836,0.9999999998990456,0.9999999999082396,0.9999999999113253,0.9999999999125031,0.999999999912995,0.9999999999131586,0.9999999999130965,0.9999999999128533,0.9999999999124696,0.9999999999119916,0.9999999999114649,0.999999999910929],[0.447388408454348,0.8604630832377854,0.9353055734857659,0.9656966252367407,0.9815874719300652,0.9909755939449941,0.996852153374948,0.9999964770915297,0.9999999997888086,0.9999999998857465,0.9999999999037824,0.9999999999099668,0.9999999999123209,0.9999999999132578,0.9999999999136536,0.9999999999137975,0.9999999999137641,0.9999999999135734,0.9999999999132463,0.9999999999128161],[0.4449527678092885,0.8556659500604712,0.9303551167812941,0.9608915999057789,0.9769996285267907,0.9866350084539276,0.9927972359474785,0.9968747835181544,0.9996238629902069,0.9999999987488891,0.9999999998559294,0.9999999998938659,0.9999999999059176,0.9999999999108655,0.9999999999129557,0.9999999999138257,0.9999999999141977,0.9999999999143512,0.9999999999143596,0.9999999999142308],[0.44282148295876717,0.8521976109026854,0.9267993048074094,0.9574420236523077,0.9737167329511122,0.983536874536732,0.9898916919129129,0.9941798862957697,0.9971287075317086,0.9991724705777298,0.9999996721441791,0.9999999997332001,0.9999999998747043,0.9999999998975039,0.9999999999069088,0.9999999999113256,0.9999999999133736,0.9999999999142721,0.9999999999146605,0.9999999999148339],[0.4410704131185737,0.8495544938094232,0.9241212413289178,0.9548492857882172,0.9712485370534184,0.9812104359911544,0.9877117455016224,0.9921499794529679,0.9952628123527193,0.997460163307428,0.99900518556714,0.9999616948621605,0.9999999979794022,0.9999999998242272,0.9999999998826621,0.9999999998992278,0.9999999999072804,0.9999999999114931,0.9999999999136215,0.9999999999146151],[0.44048351845312894,0.8475518284268876,0.9220636600758979,0.9528496196328944,0.9693342684755482,0.9793983350907174,0.986011953553219,0.9905647259418832,0.9937987297581682,0.9961296686962281,0.9978033383140678,0.9989935906924174,0.999829788976539,0.9999998869590044,0.999999999555135,0.9999999998510947,0.9999999998866094,0.9999999998999649,0.9999999999072529,0.9999999999114262]],"type":"surface","scene":"scene4"},{"colorscale":[[0.0,"#0d0887"],[0.1111111111111111,"#46039f"],[0.2222222222222222,"#7201a8"],[0.3333333333333333,"#9c179e"],[0.4444444444444444,"#bd3786"],[0.5555555555555556,"#d8576b"],[0.6666666666666666,"#ed7953"],[0.7777777777777778,"#fb9f3a"],[0.8888888888888888,"#fdca26"],[1.0,"#f0f921"]],"name":"NN","showlegend":true,"showscale":false,"x":[0.01,0.06157894736842105,0.1131578947368421,0.16473684210526315,0.2163157894736842,0.26789473684210524,0.3194736842105263,0.37105263157894736,0.4226315789473684,0.47421052631578947,0.5257894736842105,0.5773684210526315,0.6289473684210526,0.6805263157894736,0.7321052631578947,0.7836842105263158,0.8352631578947368,0.8868421052631579,0.9384210526315789,0.99],"y":[1e-05,0.24240772690723,0.48480545381446,0.72720318072169,0.96960090762892,1.21199863453615,1.45439636144338,1.69679408835061,1.93919181525784,2.18158954216506],"z":[[0.45295292645651025,0.8676734514652025,0.942563900361018,0.972681419719773,0.9882206075016011,0.9971584366384629,0.9999999975594909,0.9999999998607156,0.9999999998986977,0.9999999999084506,0.9999999999116913,0.999999999912892,0.9999999999133755,0.9999999999135363,0.9999999999134876,0.999999999913275,0.9999999999129361,0.9999999999125108,0.9999999999120379,0.9999999999115512],[0.45262328239386357,0.8676854577644105,0.9425888078471847,0.9727215576426196,0.9882775825514272,0.997232852429,0.9999999979060122,0.9999999998615313,0.9999999998987995,0.9999999999084015,0.9999999999115997,0.9999999999127939,0.9999999999132795,0.9999999999134411,0.9999999999133892,0.9999999999131687,0.9999999999128183,0.9999999999123793,0.9999999999118924,0.9999999999113928],[0.45218839747547723,0.8676989592162307,0.9426216253968949,0.9727679241488508,0.9883383340318648,0.9973089770037321,0.9999999981842003,0.9999999998622985,0.9999999998988918,0.99999999990835,0.9999999999115082,0.9999999999126963,0.999999999913184,0.9999999999133463,0.9999999999132909,0.9999999999130627,0.9999999999127009,0.9999999999122486,0.999999999911748,0.9999999999112359],[0.4517107459026629,0.8677128824757794,0.9426607154990756,0.9728199063255756,0.9884025884164191,0.9973866477345209,0.9999999984093554,0.999999999863016,0.9999999998989739,0.999999999908296,0.9999999999114167,0.9999999999125994,0.9999999999130891,0.9999999999132521,0.9999999999131933,0.9999999999129574,0.9999999999125846,0.9999999999121192,0.9999999999116053,0.9999999999110811],[0.4512245178586684,0.8677260551357061,0.9427049103527908,0.9728770594539866,0.9884701160284348,0.9974657070488232,0.9999999985930069,0.9999999998636836,0.9999999998990456,0.9999999999082396,0.9999999999113253,0.9999999999125031,0.999999999912995,0.9999999999131586,0.9999999999130965,0.9999999999128533,0.9999999999124696,0.9999999999119916,0.9999999999114649,0.999999999910929],[0.4507454264111215,0.8677373516795608,0.9427533838579961,0.9729390540296718,0.9885407154484155,0.9975459984138071,0.9999999987439087,0.9999999998643011,0.9999999998991069,0.9999999999081806,0.9999999999112338,0.9999999999124077,0.9999999999129019,0.9999999999130661,0.9999999999130009,0.9999999999127505,0.9999999999123564,0.9999999999118663,0.9999999999113272,0.9999999999107803],[0.4502772896214529,0.8677457580357305,0.9428055545546339,0.9730056376296525,0.9886142027384899,0.99762736339569,0.999999998868758,0.9999999998648686,0.9999999998991574,0.999999999908119,0.9999999999111424,0.9999999999123131,0.9999999999128097,0.9999999999129748,0.9999999999129068,0.9999999999126495,0.9999999999122456,0.9999999999117437,0.9999999999111928,0.9999999999106353],[0.4498164377725626,0.8677503967247674,0.9428610149597002,0.9730766081975427,0.9886904042372641,0.9977096394668404,0.9999999989727183,0.9999999998653866,0.9999999998991974,0.9999999999080551,0.9999999999110514,0.9999999999122196,0.9999999999127189,0.999999999912885,0.9999999999128144,0.9999999999125507,0.9999999999121374,0.9999999999116244,0.9999999999110621,0.9999999999104945],[0.449354661732475,0.8677505332233462,0.9429194812705077,0.9731517957130931,0.9887691519516022,0.9977926583510598,0.9999999990598009,0.9999999998658552,0.9999999998992267,0.9999999999079887,0.9999999999109606,0.9999999999121272,0.9999999999126294,0.9999999999127968,0.9999999999127239,0.9999999999124544,0.9999999999120321,0.9999999999115086,0.9999999999109357,0.9999999999103584],[0.4488811846613674,0.8677455735585663,0.9429807579977466,0.9732310498707626,0.9888502808199131,0.9978762447829391,0.9999999991331446,0.9999999998662749,0.9999999998992455,0.9999999999079202,0.9999999999108702,0.999999999912036,0.9999999999125415,0.9999999999127104,0.9999999999126357,0.9999999999123608,0.9999999999119302,0.9999999999113968,0.9999999999108138,0.9999999999102275]],"type":"surface","scene":"scene5"},{"colorscale":[[0.0,"#0d0887"],[0.1111111111111111,"#46039f"],[0.2222222222222222,"#7201a8"],[0.3333333333333333,"#9c179e"],[0.4444444444444444,"#bd3786"],[0.5555555555555556,"#d8576b"],[0.6666666666666666,"#ed7953"],[0.7777777777777778,"#fb9f3a"],[0.8888888888888888,"#fdca26"],[1.0,"#f0f921"]],"name":"NN","showlegend":true,"showscale":false,"x":[0.01,0.06157894736842105,0.1131578947368421,0.16473684210526315,0.2163157894736842,0.26789473684210524,0.3194736842105263,0.37105263157894736,0.4226315789473684,0.47421052631578947,0.5257894736842105,0.5773684210526315,0.6289473684210526,0.6805263157894736,0.7321052631578947,0.7836842105263158,0.8352631578947368,0.8868421052631579,0.9384210526315789,0.99],"y":[-0.09930562493060069,-0.0772377082793561,-0.055169791628111496,-0.033101874976866896,-0.011033958325622303,0.01103395832562229,0.033101874976866896,0.055169791628111475,0.07723770827935608,0.09930562493060069],"z":[[0.4514274845181477,0.8677342607787537,0.9427031298372481,0.9728756888489222,0.9884709649743096,0.997470319092045,0.9999999986054757,0.9999999998637569,0.9999999998990726,0.9999999999082573,0.999999999911337,0.9999999999125094,0.9999999999129965,0.9999999999131559,0.9999999999130905,0.9999999999128448,0.9999999999124599,0.9999999999119815,0.9999999999114552,0.99999999991092],[0.4513762366902962,0.8677321314946167,0.9427035330078541,0.9728760003210359,0.9884707265820615,0.9974691435575715,0.999999998602336,0.9999999998637384,0.9999999998990659,0.9999999999082528,0.999999999911334,0.9999999999125079,0.9999999999129962,0.9999999999131566,0.9999999999130921,0.9999999999128469,0.9999999999124622,0.999999999911984,0.9999999999114576,0.9999999999109223],[0.4513253266296642,0.8677300542933029,0.9427039642411325,0.9728763326306354,0.9884705056585893,0.9974679830617086,0.9999999985992112,0.99999999986372,0.9999999998990591,0.9999999999082484,0.9999999999113311,0.9999999999125063,0.9999999999129958,0.9999999999131572,0.9999999999130935,0.999999999912849,0.9999999999124647,0.9999999999119865,0.99999999991146,0.9999999999109246],[0.4512747538498581,0.8677280289237079,0.94270442340119,0.9728766857005682,0.9884703021564827,0.9974668375702018,0.9999999985961014,0.9999999998637018,0.9999999998990524,0.999999999908244,0.9999999999113282,0.9999999999125048,0.9999999999129954,0.9999999999131579,0.9999999999130951,0.9999999999128512,0.9999999999124671,0.9999999999119891,0.9999999999114625,0.9999999999109268],[0.4512245178586684,0.8677260551357061,0.9427049103527908,0.9728770594539866,0.9884701160284348,0.9974657070488232,0.9999999985930069,0.9999999998636836,0.9999999998990456,0.9999999999082396,0.9999999999113253,0.9999999999125031,0.999999999912995,0.9999999999131586,0.9999999999130965,0.9999999999128533,0.9999999999124696,0.9999999999119916,0.9999999999114649,0.999999999910929],[0.4511746181581595,0.8677241326801485,0.942705424961353,0.9728774538143466,0.9884699472272431,0.9974645914633707,0.9999999985899277,0.9999999998636655,0.999999999899039,0.9999999999082352,0.9999999999113223,0.9999999999125015,0.9999999999129946,0.9999999999131592,0.9999999999130981,0.9999999999128554,0.999999999912472,0.9999999999119941,0.9999999999114673,0.9999999999109312],[0.45112505424476307,0.86772226130886,0.942705967092946,0.9728778687054074,0.9884697957058091,0.997463490779669,0.9999999985868642,0.9999999998636475,0.9999999998990323,0.9999999999082307,0.9999999999113193,0.9999999999125,0.9999999999129943,0.9999999999131599,0.9999999999130995,0.9999999999128574,0.9999999999124745,0.9999999999119966,0.9999999999114697,0.9999999999109336],[0.4510758256093626,0.867720440774637,0.9427065366142864,0.9728783040512297,0.9884696614171378,0.997462404963569,0.9999999985838164,0.9999999998636296,0.9999999998990257,0.9999999999082263,0.9999999999113164,0.9999999999124983,0.9999999999129939,0.9999999999131606,0.9999999999131011,0.9999999999128595,0.9999999999124769,0.9999999999119992,0.9999999999114721,0.9999999999109358],[0.4510269317373857,0.8677186708312448,0.9427071333927363,0.9728787597761752,0.9884695443143384,0.9974613339809487,0.9999999985807845,0.9999999998636119,0.999999999899019,0.9999999999082219,0.9999999999113134,0.9999999999124968,0.9999999999129935,0.9999999999131612,0.9999999999131025,0.9999999999128616,0.9999999999124793,0.9999999999120016,0.9999999999114746,0.999999999910938],[0.4509783721088888,0.8677169512334155,0.9427077572962995,0.972879235804906,0.9884694443506242,0.997460277797713,0.9999999985777688,0.9999999998635941,0.9999999998990123,0.9999999999082175,0.9999999999113105,0.9999999999124952,0.9999999999129932,0.9999999999131619,0.9999999999131041,0.9999999999128637,0.9999999999124818,0.9999999999120042,0.999999999911477,0.9999999999109402]],"type":"surface","scene":"scene6"}],"layout":{"template":{"data":{"histogram2dcontour":[{"type":"histogram2dcontour","colorbar":{"outlinewidth":0,"ticks":""},"colorscale":[[0.0,"#0d0887"],[0.1111111111111111,"#46039f"],[0.2222222222222222,"#7201a8"],[0.3333333333333333,"#9c179e"],[0.4444444444444444,"#bd3786"],[0.5555555555555556,"#d8576b"],[0.6666666666666666,"#ed7953"],[0.7777777777777778,"#fb9f3a"],[0.8888888888888888,"#fdca26"],[1.0,"#f0f921"]]}],"choropleth":[{"type":"choropleth","colorbar":{"outlinewidth":0,"ticks":""}}],"histogram2d":[{"type":"histogram2d","colorbar":{"outlinewidth":0,"ticks":""},"colorscale":[[0.0,"#0d0887"],[0.1111111111111111,"#46039f"],[0.2222222222222222,"#7201a8"],[0.3333333333333333,"#9c179e"],[0.4444444444444444,"#bd3786"],[0.5555555555555556,"#d8576b"],[0.6666666666666666,"#ed7953"],[0.7777777777777778,"#fb9f3a"],[0.8888888888888888,"#fdca26"],[1.0,"#f0f921"]]}],"heatmap":[{"type":"heatmap","colorbar":{"outlinewidth":0,"ticks":""},"colorscale":[[0.0,"#0d0887"],[0.1111111111111111,"#46039f"],[0.2222222222222222,"#7201a8"],[0.3333333333333333,"#9c179e"],[0.4444444444444444,"#bd3786"],[0.5555555555555556,"#d8576b"],[0.6666666666666666,"#ed7953"],[0.7777777777777778,"#fb9f3a"],[0.8888888888888888,"#fdca26"],[1.0,"#f0f921"]]}],"heatmapgl":[{"type":"heatmapgl","colorbar":{"outlinewidth":0,"ticks":""},"colorscale":[[0.0,"#0d0887"],[0.1111111111111111,"#46039f"],[0.2222222222222222,"#7201a8"],[0.3333333333333333,"#9c179e"],[0.4444444444444444,"#bd3786"],[0.5555555555555556,"#d8576b"],[0.6666666666666666,"#ed7953"],[0.7777777777777778,"#fb9f3a"],[0.8888888888888888,"#fdca26"],[1.0,"#f0f921"]]}],"contourcarpet":[{"type":"contourcarpet","colorbar":{"outlinewidth":0,"ticks":""}}],"contour":[{"type":"contour","colorbar":{"outlinewidth":0,"ticks":""},"colorscale":[[0.0,"#0d0887"],[0.1111111111111111,"#46039f"],[0.2222222222222222,"#7201a8"],[0.3333333333333333,"#9c179e"],[0.4444444444444444,"#bd3786"],[0.5555555555555556,"#d8576b"],[0.6666666666666666,"#ed7953"],[0.7777777777777778,"#fb9f3a"],[0.8888888888888888,"#fdca26"],[1.0,"#f0f921"]]}],"surface":[{"type":"surface","colorbar":{"outlinewidth":0,"ticks":""},"colorscale":[[0.0,"#0d0887"],[0.1111111111111111,"#46039f"],[0.2222222222222222,"#7201a8"],[0.3333333333333333,"#9c179e"],[0.4444444444444444,"#bd3786"],[0.5555555555555556,"#d8576b"],[0.6666666666666666,"#ed7953"],[0.7777777777777778,"#fb9f3a"],[0.8888888888888888,"#fdca26"],[1.0,"#f0f921"]]}],"mesh3d":[{"type":"mesh3d","colorbar":{"outlinewidth":0,"ticks":""}}],"scatter":[{"fillpattern":{"fillmode":"overlay","size":10,"solidity":0.2},"type":"scatter"}],"parcoords":[{"type":"parcoords","line":{"colorbar":{"outlinewidth":0,"ticks":""}}}],"scatterpolargl":[{"type":"scatterpolargl","marker":{"colorbar":{"outlinewidth":0,"ticks":""}}}],"bar":[{"error_x":{"color":"#2a3f5f"},"error_y":{"color":"#2a3f5f"},"marker":{"line":{"color":"#E5ECF6","width":0.5},"pattern":{"fillmode":"overlay","size":10,"solidity":0.2}},"type":"bar"}],"scattergeo":[{"type":"scattergeo","marker":{"colorbar":{"outlinewidth":0,"ticks":""}}}],"scatterpolar":[{"type":"scatterpolar","marker":{"colorbar":{"outlinewidth":0,"ticks":""}}}],"histogram":[{"marker":{"pattern":{"fillmode":"overlay","size":10,"solidity":0.2}},"type":"histogram"}],"scattergl":[{"type":"scattergl","marker":{"colorbar":{"outlinewidth":0,"ticks":""}}}],"scatter3d":[{"type":"scatter3d","line":{"colorbar":{"outlinewidth":0,"ticks":""}},"marker":{"colorbar":{"outlinewidth":0,"ticks":""}}}],"scattermapbox":[{"type":"scattermapbox","marker":{"colorbar":{"outlinewidth":0,"ticks":""}}}],"scatterternary":[{"type":"scatterternary","marker":{"colorbar":{"outlinewidth":0,"ticks":""}}}],"scattercarpet":[{"type":"scattercarpet","marker":{"colorbar":{"outlinewidth":0,"ticks":""}}}],"carpet":[{"aaxis":{"endlinecolor":"#2a3f5f","gridcolor":"white","linecolor":"white","minorgridcolor":"white","startlinecolor":"#2a3f5f"},"baxis":{"endlinecolor":"#2a3f5f","gridcolor":"white","linecolor":"white","minorgridcolor":"white","startlinecolor":"#2a3f5f"},"type":"carpet"}],"table":[{"cells":{"fill":{"color":"#EBF0F8"},"line":{"color":"white"}},"header":{"fill":{"color":"#C8D4E3"},"line":{"color":"white"}},"type":"table"}],"barpolar":[{"marker":{"line":{"color":"#E5ECF6","width":0.5},"pattern":{"fillmode":"overlay","size":10,"solidity":0.2}},"type":"barpolar"}],"pie":[{"automargin":true,"type":"pie"}]},"layout":{"autotypenumbers":"strict","colorway":["#636efa","#EF553B","#00cc96","#ab63fa","#FFA15A","#19d3f3","#FF6692","#B6E880","#FF97FF","#FECB52"],"font":{"color":"#2a3f5f"},"hovermode":"closest","hoverlabel":{"align":"left"},"paper_bgcolor":"white","plot_bgcolor":"#E5ECF6","polar":{"bgcolor":"#E5ECF6","angularaxis":{"gridcolor":"white","linecolor":"white","ticks":""},"radialaxis":{"gridcolor":"white","linecolor":"white","ticks":""}},"ternary":{"bgcolor":"#E5ECF6","aaxis":{"gridcolor":"white","linecolor":"white","ticks":""},"baxis":{"gridcolor":"white","linecolor":"white","ticks":""},"caxis":{"gridcolor":"white","linecolor":"white","ticks":""}},"coloraxis":{"colorbar":{"outlinewidth":0,"ticks":""}},"colorscale":{"sequential":[[0.0,"#0d0887"],[0.1111111111111111,"#46039f"],[0.2222222222222222,"#7201a8"],[0.3333333333333333,"#9c179e"],[0.4444444444444444,"#bd3786"],[0.5555555555555556,"#d8576b"],[0.6666666666666666,"#ed7953"],[0.7777777777777778,"#fb9f3a"],[0.8888888888888888,"#fdca26"],[1.0,"#f0f921"]],"sequentialminus":[[0.0,"#0d0887"],[0.1111111111111111,"#46039f"],[0.2222222222222222,"#7201a8"],[0.3333333333333333,"#9c179e"],[0.4444444444444444,"#bd3786"],[0.5555555555555556,"#d8576b"],[0.6666666666666666,"#ed7953"],[0.7777777777777778,"#fb9f3a"],[0.8888888888888888,"#fdca26"],[1.0,"#f0f921"]],"diverging":[[0,"#8e0152"],[0.1,"#c51b7d"],[0.2,"#de77ae"],[0.3,"#f1b6da"],[0.4,"#fde0ef"],[0.5,"#f7f7f7"],[0.6,"#e6f5d0"],[0.7,"#b8e186"],[0.8,"#7fbc41"],[0.9,"#4d9221"],[1,"#276419"]]},"xaxis":{"gridcolor":"white","linecolor":"white","ticks":"","title":{"standoff":15},"zerolinecolor":"white","automargin":true,"zerolinewidth":2},"yaxis":{"gridcolor":"white","linecolor":"white","ticks":"","title":{"standoff":15},"zerolinecolor":"white","automargin":true,"zerolinewidth":2},"scene":{"xaxis":{"backgroundcolor":"#E5ECF6","gridcolor":"white","linecolor":"white","showbackground":true,"ticks":"","zerolinecolor":"white","gridwidth":2},"yaxis":{"backgroundcolor":"#E5ECF6","gridcolor":"white","linecolor":"white","showbackground":true,"ticks":"","zerolinecolor":"white","gridwidth":2},"zaxis":{"backgroundcolor":"#E5ECF6","gridcolor":"white","linecolor":"white","showbackground":true,"ticks":"","zerolinecolor":"white","gridwidth":2}},"shapedefaults":{"line":{"color":"#2a3f5f"}},"annotationdefaults":{"arrowcolor":"#2a3f5f","arrowhead":0,"arrowwidth":1},"geo":{"bgcolor":"white","landcolor":"#E5ECF6","subunitcolor":"white","showland":true,"showlakes":true,"lakecolor":"white"},"title":{"x":0.05},"mapbox":{"style":"light"}}},"scene":{"domain":{"x":[0.0,0.125],"y":[0.0,1.0]},"xaxis":{"title":{"text":"V"}},"yaxis":{"title":{"text":"Vtilde"}},"zaxis":{"title":{"text":"kappa"}}},"scene2":{"domain":{"x":[0.175,0.3],"y":[0.0,1.0]},"xaxis":{"title":{"text":"Z"}},"yaxis":{"title":{"text":"Vtilde"}},"zaxis":{"title":{"text":"kappa"}}},"scene3":{"domain":{"x":[0.35,0.475],"y":[0.0,1.0]},"xaxis":{"title":{"text":"Z"}},"yaxis":{"title":{"text":"V"}},"zaxis":{"title":{"text":"kappa"}}},"scene4":{"domain":{"x":[0.525,0.65],"y":[0.0,1.0]},"xaxis":{"title":{"text":"W"}},"yaxis":{"title":{"text":"Vtilde"}},"zaxis":{"title":{"text":"kappa"}}},"scene5":{"domain":{"x":[0.7,0.825],"y":[0.0,1.0]},"xaxis":{"title":{"text":"W"}},"yaxis":{"title":{"text":"V"}},"zaxis":{"title":{"text":"kappa"}}},"scene6":{"domain":{"x":[0.875,1.0],"y":[0.0,1.0]},"xaxis":{"title":{"text":"W"}},"yaxis":{"title":{"text":"Z"}},"zaxis":{"title":{"text":"kappa"}}},"annotations":[{"font":{"size":16},"showarrow":false,"text":"W fixed at 0.4742, Z fixed at -0.0110<br> MFR Suite Not Solved.","x":0.0625,"xanchor":"center","xref":"paper","y":1.0,"yanchor":"bottom","yref":"paper"},{"font":{"size":16},"showarrow":false,"text":"W fixed at 0.4742, V fixed at 0.9696<br> MFR Suite Not Solved.","x":0.2375,"xanchor":"center","xref":"paper","y":1.0,"yanchor":"bottom","yref":"paper"},{"font":{"size":16},"showarrow":false,"text":"W fixed at 0.4742, Vtilde fixed at 0.5782<br> MFR Suite Not Solved.","x":0.4125,"xanchor":"center","xref":"paper","y":1.0,"yanchor":"bottom","yref":"paper"},{"font":{"size":16},"showarrow":false,"text":"Z fixed at -0.0110, V fixed at 0.9696<br> MFR Suite Not Solved.","x":0.5875,"xanchor":"center","xref":"paper","y":1.0,"yanchor":"bottom","yref":"paper"},{"font":{"size":16},"showarrow":false,"text":"Z fixed at -0.0110, Vtilde fixed at 0.5782<br> MFR Suite Not Solved.","x":0.7625,"xanchor":"center","xref":"paper","y":1.0,"yanchor":"bottom","yref":"paper"},{"font":{"size":16},"showarrow":false,"text":"V fixed at 0.9696, Vtilde fixed at 0.5782<br> MFR Suite Not Solved.","x":0.9375,"xanchor":"center","xref":"paper","y":1.0,"yanchor":"bottom","yref":"paper"}],"title":{"text":"MRF vs NN - Kappa Policy Function<br><span style=\"font-size: 12px;\"> chiUnderline = 0.2, a_e = 0.15, a_h = 0.05, gamma_e = 1.0, gamma_h = 3.0, psi_e = 1.0, psi_h = 1.0</span>","x":0.5,"y":0.97,"yanchor":"top"},"height":700,"width":3500,"margin":{"t":150}}}