{"data":[{"colorscale":[[0.0,"#0d0887"],[0.1111111111111111,"#46039f"],[0.2222222222222222,"#7201a8"],[0.3333333333333333,"#9c179e"],[0.4444444444444444,"#bd3786"],[0.5555555555555556,"#d8576b"],[0.6666666666666666,"#ed7953"],[0.7777777777777778,"#fb9f3a"],[0.8888888888888888,"#fdca26"],[1.0,"#f0f921"]],"name":"NN","showlegend":true,"showscale":false,"x":[1e-05,0.24240772690723,0.48480545381446,0.72720318072169,0.96960090762892,1.21199863453615,1.45439636144338,1.69679408835061,1.93919181525784,2.18158954216506],"y":[1e-05,0.144560514746047,0.289111029492094,0.433661544238141,0.5782120589841879,0.7227625737302349,0.867313088476282,1.011863603222329,1.156414117968376,1.300964632714423],"z":[[0.00012649110640677858,0.019693967681787137,0.027851188953122535,0.03411048356669521,0.03938732603522388,0.044036323816325336,0.04823934263967014,0.05210441959525827,0.05570194704325851,0.05908081979340861],[0.00012649110640675242,0.019693967681797285,0.027851188953137308,0.03411048356671369,0.03938732603524557,0.044036323816349886,0.048239342639697265,0.05210441959528771,0.05570194704329,0.0590808197934419],[0.00012649110640669339,0.019693967681787907,0.027851188953123798,0.034110483566696846,0.0393873260352258,0.044036323816327445,0.04823934263967232,0.05210441959526038,0.0557019470432604,0.05908081979341011],[0.00012649110640658133,0.019693967681770418,0.027851188953098984,0.03411048356666636,0.039387326035190476,0.0440363238162878,0.048239342639628736,0.052104419595213135,0.055701947043209694,0.05908081979335613],[0.00012649110640600578,0.019693967681682627,0.027851188952977304,0.0341104835665202,0.039387326035024865,0.04403632381610599,0.04823934263943302,0.05210441959500525,0.05570194704299099,0.059080819793127654],[0.0001264911064019362,0.019693967681065995,0.027851188952128236,0.034110483565507214,0.03938732603388481,0.04403632381486296,0.048239342638104296,0.05210441959360389,0.055701947041527186,0.059080819791609555],[0.00012649110228256976,0.01969396723163633,0.027851188497267882,0.03411048315863445,0.03938732568401652,0.04403632351814258,0.04823934238721038,0.05210441938096909,0.05570194686039846,0.059080819636301136],[0.00012625471184701285,0.019657093410673676,0.027798933434095556,0.03404634866024462,0.039313124958714814,0.043953239214539856,0.04814826284094787,0.05200609264779114,0.05559706905183753,0.05897009393599342],[0.00012623571199911943,0.019654231095773883,0.02779502062498571,0.03404171064316305,0.03930791794090809,0.043947526687648696,0.04814202921073322,0.05199923904538294,0.05558940164393491,0.058961308889639075],[0.0001262165099111505,0.01965122344555852,0.027790748729114717,0.034036465199324434,0.039301856716220586,0.04394075848554421,0.04813463951529038,0.0519913008585749,0.05558098091291379,0.058952467511553204]],"type":"surface","scene":"scene"},{"colorscale":[[0.0,"#0d0887"],[0.1111111111111111,"#46039f"],[0.2222222222222222,"#7201a8"],[0.3333333333333333,"#9c179e"],[0.4444444444444444,"#bd3786"],[0.5555555555555556,"#d8576b"],[0.6666666666666666,"#ed7953"],[0.7777777777777778,"#fb9f3a"],[0.8888888888888888,"#fdca26"],[1.0,"#f0f921"]],"name":"NN","showlegend":true,"showscale":false,"x":[-0.09930562493060069,-0.0772377082793561,-0.055169791628111496,-0.033101874976866896,-0.011033958325622303,0.01103395832562229,0.033101874976866896,0.055169791628111475,0.07723770827935608,0.09930562493060069],"y":[1e-05,0.144560514746047,0.289111029492094,0.433661544238141,0.5782120589841879,0.7227625737302349,0.867313088476282,1.011863603222329,1.156414117968376,1.300964632714423],"z":[[0.03938732603522391,0.039387326035223894,0.03938732603522389,0.03938732603522388,0.03938732603522388,0.03938732603522389,0.039387326035223894,0.039387326035223914,0.039387326035223935,0.039387326035223956],[0.03938732603524566,0.03938732603524564,0.03938732603524561,0.03938732603524559,0.03938732603524557,0.03938732603524554,0.03938732603524552,0.039387326035245494,0.039387326035245473,0.03938732603524545],[0.03938732603522601,0.039387326035225954,0.039387326035225906,0.03938732603522586,0.0393873260352258,0.03938732603522575,0.0393873260352257,0.03938732603522565,0.0393873260352256,0.039387326035225545],[0.03938732603519077,0.0393873260351907,0.03938732603519062,0.03938732603519055,0.039387326035190476,0.039387326035190406,0.03938732603519033,0.03938732603519026,0.039387326035190184,0.039387326035190115],[0.03938732603502514,0.03938732603502507,0.039387326035025004,0.039387326035024935,0.039387326035024865,0.039387326035024796,0.039387326035024726,0.039387326035024664,0.039387326035024595,0.039387326035024525],[0.03938732603388477,0.03938732603388477,0.039387326033884784,0.0393873260338848,0.03938732603388481,0.03938732603388483,0.03938732603388486,0.03938732603388489,0.03938732603388492,0.039387326033884965],[0.039387325682663295,0.039387325682986654,0.039387325683320006,0.03938732568366329,0.03938732568401652,0.03938732568437959,0.039387325684752485,0.0393873256851351,0.039387325685527455,0.03938732568592945],[0.03931313953430942,0.03931313595703295,0.03931313233540466,0.039313128669329775,0.039313124958714814,0.0393131212034676,0.03931311740349727,0.039313113558714224,0.03931310966903019,0.039313105734358186],[0.03930793886921232,0.03930793368821285,0.039307928473233014,0.03930792322416666,0.03930791794090809,0.03930791262335201,0.03930790727139354,0.03930790188492824,0.03930789646385207,0.03930789100806141],[0.03930188481724152,0.039301877838702565,0.039301870829082645,0.039301863788286824,0.039301856716220586,0.039301849612789805,0.03930184247790075,0.0393018353114601,0.03930182811337491,0.03930182088355264]],"type":"surface","scene":"scene2"},{"colorscale":[[0.0,"#0d0887"],[0.1111111111111111,"#46039f"],[0.2222222222222222,"#7201a8"],[0.3333333333333333,"#9c179e"],[0.4444444444444444,"#bd3786"],[0.5555555555555556,"#d8576b"],[0.6666666666666666,"#ed7953"],[0.7777777777777778,"#fb9f3a"],[0.8888888888888888,"#fdca26"],[1.0,"#f0f921"]],"name":"NN","showlegend":true,"showscale":false,"x":[-0.09930562493060069,-0.0772377082793561,-0.055169791628111496,-0.033101874976866896,-0.011033958325622303,0.01103395832562229,0.033101874976866896,0.055169791628111475,0.07723770827935608,0.09930562493060069],"y":[1e-05,0.24240772690723,0.48480545381446,0.72720318072169,0.96960090762892,1.21199863453615,1.45439636144338,1.69679408835061,1.93919181525784,2.18158954216506],"z":[[0.00012649110640600665,0.00012649110640600643,0.00012649110640600622,0.000126491106406006,0.00012649110640600578,0.00012649110640600557,0.00012649110640600535,0.0001264911064060051,0.0001264911064060049,0.0001264911064060047],[0.019693967681682766,0.01969396768168273,0.019693967681682696,0.01969396768168266,0.019693967681682627,0.019693967681682596,0.01969396768168256,0.019693967681682526,0.019693967681682495,0.01969396768168246],[0.027851188952977494,0.027851188952977446,0.027851188952977397,0.02785118895297735,0.027851188952977304,0.027851188952977255,0.027851188952977207,0.027851188952977158,0.027851188952977113,0.027851188952977064],[0.03411048356652044,0.03411048356652038,0.03411048356652032,0.034110483566520265,0.0341104835665202,0.03411048356652015,0.034110483566520085,0.03411048356652003,0.03411048356651997,0.03411048356651991],[0.03938732603502514,0.03938732603502507,0.039387326035025004,0.039387326035024935,0.039387326035024865,0.039387326035024796,0.039387326035024726,0.039387326035024664,0.039387326035024595,0.039387326035024525],[0.0440363238161063,0.04403632381610622,0.04403632381610614,0.04403632381610607,0.04403632381610599,0.04403632381610591,0.04403632381610583,0.044036323816105755,0.04403632381610568,0.0440363238161056],[0.048239342639433365,0.048239342639433275,0.04823934263943319,0.04823934263943311,0.04823934263943302,0.048239342639432935,0.048239342639432845,0.04823934263943276,0.04823934263943268,0.04823934263943259],[0.05210441959500563,0.05210441959500554,0.05210441959500544,0.05210441959500534,0.05210441959500525,0.052104419595005155,0.05210441959500506,0.05210441959500497,0.05210441959500487,0.05210441959500478],[0.0557019470429914,0.05570194704299129,0.05570194704299119,0.055701947042991085,0.05570194704299099,0.05570194704299088,0.05570194704299078,0.055701947042990675,0.05570194704299057,0.05570194704299047],[0.059080819793128105,0.05908081979312799,0.059080819793127876,0.059080819793127765,0.059080819793127654,0.05908081979312754,0.05908081979312743,0.05908081979312732,0.05908081979312721,0.05908081979312709]],"type":"surface","scene":"scene3"},{"colorscale":[[0.0,"#0d0887"],[0.1111111111111111,"#46039f"],[0.2222222222222222,"#7201a8"],[0.3333333333333333,"#9c179e"],[0.4444444444444444,"#bd3786"],[0.5555555555555556,"#d8576b"],[0.6666666666666666,"#ed7953"],[0.7777777777777778,"#fb9f3a"],[0.8888888888888888,"#fdca26"],[1.0,"#f0f921"]],"name":"NN","showlegend":true,"showscale":false,"x":[0.01,0.06157894736842105,0.1131578947368421,0.16473684210526315,0.2163157894736842,0.26789473684210524,0.3194736842105263,0.37105263157894736,0.4226315789473684,0.47421052631578947,0.5257894736842105,0.5773684210526315,0.6289473684210526,0.6805263157894736,0.7321052631578947,0.7836842105263158,0.8352631578947368,0.8868421052631579,0.9384210526315789,0.99],"y":[1e-05,0.144560514746047,0.289111029492094,0.433661544238141,0.5782120589841879,0.7227625737302349,0.867313088476282,1.011863603222329,1.156414117968376,1.300964632714423],"z":[[0.04054158293113065,0.039387326180803865,0.039387326040958306,0.03938732603656847,0.0393873260357403,0.03938732603545807,0.03938732603533297,0.03938732603527087,0.03938732603523924,0.03938732603522388,0.039387326035217614,0.03938732603521649,0.039387326035218204,0.03938732603522136,0.039387326035225094,0.03938732603522889,0.03938732603523239,0.039387326035235336,0.039387326035237646,0.039387326035239416],[0.09544699764766915,0.042553746608403664,0.03938732607256573,0.03938732603579634,0.03938732603518995,0.039387326035170554,0.03938732603518907,0.03938732603520957,0.039387326035228654,0.03938732603524557,0.03938732603525973,0.0393873260352708,0.039387326035278704,0.03938732603528359,0.03938732603528575,0.03938732603528549,0.03938732603528318,0.03938732603527916,0.03938732603527139,0.03938732603525142],[0.08164563717967419,0.04206637156357962,0.03995760711928405,0.03938732670578755,0.03938732603488756,0.03938732603501783,0.03938732603512896,0.03938732603517811,0.03938732603520536,0.0393873260352258,0.03938732603524361,0.03938732603525922,0.039387326035272105,0.039387326035281806,0.039387326035288196,0.03938732603529145,0.03938732603529191,0.03938732603528997,0.03938732603528605,0.03938732603526645],[0.07774235987485692,0.041926942092058814,0.039931752749114306,0.039491400463274595,0.03937213182273605,0.039387326030878016,0.03938732603458575,0.03938732603501052,0.03938732603514075,0.039387326035190476,0.03938732603521555,0.03938732603523412,0.03938732603525104,0.03938732603526654,0.03938732603527966,0.039387326035289535,0.03938732603529582,0.039387326035298646,0.0393873260352984,0.03938732603528397],[0.07569570295334063,0.04186245752234242,0.039918291636167044,0.03948601097849986,0.0393532736962592,0.039311310846988606,0.03938732581218664,0.03938732603324931,0.039387326034685255,0.039387326035024865,0.03938732603514708,0.03938732603519584,0.039387326035219335,0.039387326035236495,0.03938732603525304,0.03938732603526924,0.039387326035283686,0.03938732603529496,0.039387326035302324,0.03938732603529782],[0.07440604939706796,0.04182118836840583,0.03991023783439417,0.039482558899124186,0.03934956813930413,0.03930680302387746,0.039298642257815194,0.03938521812506179,0.039387326024585875,0.03938732603388481,0.039387326034735076,0.03938732603502232,0.03938732603514337,0.039387326035195125,0.03938732603521886,0.03938732603523501,0.03938732603525117,0.03938732603526825,0.03938732603528458,0.039387326035294615],[0.07353916099866678,0.04179313955363333,0.03990431155488144,0.03948029372461238,0.03934703380490781,0.039302741417039835,0.0392926524637177,0.03929754611277542,0.039317426063308764,0.03938732568401652,0.03938732603123758,0.039387326034120214,0.03938732603473918,0.039387326035002335,0.039387326035129795,0.0393873260351892,0.039387326035215615,0.03938732603523127,0.039387326035246674,0.03938732603526383],[0.07293279447164672,0.04177437028468245,0.03990003372881942,0.03947865504455161,0.039345128854851086,0.03929983316321938,0.03928830604837625,0.039291361874982104,0.039301630182637444,0.039313124958714814,0.039387074337155124,0.039387326006953216,0.03938732603263002,0.039387326034207276,0.039387326034712414,0.03938732603496687,0.03938732603510613,0.039387326035177764,0.03938732603521011,0.039387326035226364],[0.07247755731913362,0.041761030135338655,0.03989696571111379,0.039477401119874404,0.039343669961607826,0.03929756763526439,0.039285089056540386,0.039286856177159185,0.039295471071409405,0.03930791794090809,0.03932046626679227,0.03936988315343559,0.03938732524929432,0.03938732602490499,0.039387326033127994,0.03938732603422523,0.03938732603466465,0.03938732603491751,0.03938732603507164,0.039387326035159514],[0.0720914513735184,0.041749082278355575,0.03989451775441593,0.03947638008194992,0.03934256143250391,0.03929583886940127,0.03928257581178537,0.039283472450656255,0.039290832100819885,0.039301856716220586,0.03931500495323799,0.03932750437602346,0.039348409732093,0.0393872447366833,0.03938732595054466,0.03938732602897974,0.03938732603334109,0.039387326034207054,0.03938732603460246,0.039387326034855584]],"type":"surface","scene":"scene4"},{"colorscale":[[0.0,"#0d0887"],[0.1111111111111111,"#46039f"],[0.2222222222222222,"#7201a8"],[0.3333333333333333,"#9c179e"],[0.4444444444444444,"#bd3786"],[0.5555555555555556,"#d8576b"],[0.6666666666666666,"#ed7953"],[0.7777777777777778,"#fb9f3a"],[0.8888888888888888,"#fdca26"],[1.0,"#f0f921"]],"name":"NN","showlegend":true,"showscale":false,"x":[0.01,0.06157894736842105,0.1131578947368421,0.16473684210526315,0.2163157894736842,0.26789473684210524,0.3194736842105263,0.37105263157894736,0.4226315789473684,0.47421052631578947,0.5257894736842105,0.5773684210526315,0.6289473684210526,0.6805263157894736,0.7321052631578947,0.7836842105263158,0.8352631578947368,0.8868421052631579,0.9384210526315789,0.99],"y":[1e-05,0.24240772690723,0.48480545381446,0.72720318072169,0.96960090762892,1.21199863453615,1.45439636144338,1.69679408835061,1.93919181525784,2.18158954216506],"z":[[0.00024240387694515135,0.0001344310674576239,0.00012819341846283713,0.00012680672611872082,0.0001263818589969349,0.0001262510650678855,0.00012649110482158477,0.00012649110639972947,0.0001264911064048442,0.00012649110640600578,0.0001264911064064273,0.00012649110640659497,0.0001264911064066718,0.0001264911064067239,0.00012649110640677213,0.00012649110640681877,0.00012649110640686054,0.00012649110640689385,0.0001264911064069168,0.00012649110640692923],[0.03776797496211545,0.02093022515144055,0.01995911250171926,0.019743161977555584,0.01967694726952878,0.01965643243547745,0.019693967482691966,0.019693967680730194,0.019693967681504745,0.019693967681682627,0.019693967681747044,0.019693967681772676,0.019693967681784573,0.019693967681792802,0.019693967681800508,0.019693967681807988,0.01969396768181468,0.01969396768181999,0.0196939676818236,0.01969396768182548],[0.05345299346764021,0.0295998996209603,0.0282263047017202,0.027920831684785485,0.027827109607360307,0.027797880594897406,0.027851188723470702,0.027851188951663067,0.027851188952729748,0.027851188952977304,0.02785118895306676,0.02785118895310238,0.027851188953119124,0.027851188953130927,0.0278511889531421,0.02785118895315298,0.0278511889531627,0.02785118895317037,0.027851188953175517,0.0278511889531781],[0.0655139668463323,0.03625298461344349,0.03457009755018235,0.0341958633512618,0.03408098923867548,0.034044921484864495,0.03411048333481856,0.0341104835649479,0.03411048356622168,0.0341104835665202,0.03411048356662785,0.034110483566670756,0.03411048356669118,0.03411048356670584,0.03411048356671985,0.03411048356673353,0.034110483566745745,0.03411048356675533,0.03411048356676167,0.03411048356676171],[0.07569570295334063,0.04186245752234242,0.039918291636167044,0.03948601097849986,0.0393532736962592,0.039311310846988606,0.03938732581218664,0.03938732603324931,0.039387326034685255,0.039387326035024865,0.03938732603514708,0.03938732603519584,0.039387326035219335,0.039387326035236495,0.03938732603525304,0.03938732603526924,0.039387326035283686,0.03938732603529496,0.039387326035302324,0.03938732603529782],[0.08466988028386276,0.046805219317629224,0.04463027741640142,0.044146764590114455,0.04399826684581425,0.04395099553123472,0.044036323606503155,0.044036323814162254,0.04403632381573166,0.04403632381610599,0.044036323816240425,0.044036323816294125,0.04403632381632031,0.04403632381633975,0.04403632381635864,0.0440363238163772,0.04403632381639372,0.04403632381640655,0.04403632381641481,0.04403632381640476],[0.09277879769643305,0.051274596301024385,0.048890380082506686,0.048360442367830735,0.048197679524570484,0.0481455068018841,0.04823934244437766,0.048239342637345604,0.04823934263902847,0.04823934263943302,0.04823934263957801,0.04823934263963601,0.04823934263966463,0.04823934263968619,0.048239342639707306,0.048239342639728094,0.048239342639746594,0.04823934263976088,0.04823934263976997,0.048239342639753685],[0.10022478680492003,0.05538546392004616,0.05280810231510906,0.052235349964358684,0.052059457399038916,0.05200268768753065,0.05210441941433957,0.05210441959279213,0.05210441959457382,0.05210441959500525,0.05210441959515956,0.05210441959522137,0.05210441959525223,0.0521044195952758,0.05210441959529904,0.05210441959532198,0.05210441959534237,0.052104419595358054,0.0521044195953679,0.05210441959534506],[0.1071393525876705,0.05921270014857038,0.05645479446781516,0.05584205445264125,0.05565393371284179,0.05559280943938011,0.05570194687586348,0.05570194704066571,0.05570194704253525,0.05570194704299099,0.05570194704315366,0.05570194704321892,0.05570194704325186,0.05570194704327735,0.05570194704330264,0.05570194704332766,0.05570194704334989,0.05570194704336691,0.05570194704337747,0.05570194704334798],[0.11361390456748705,0.06280834337633386,0.05988001872265901,0.059229571684828584,0.059029962563746985,0.05896468898032824,0.059080819638391374,0.05908081979070059,0.059080819792649605,0.059080819793127654,0.05908081979329795,0.059080819793366365,0.05908081979340127,0.05908081979342859,0.05908081979345588,0.05908081979348292,0.05908081979350694,0.05908081979352525,0.05908081979353649,0.059080819793500494]],"type":"surface","scene":"scene5"},{"colorscale":[[0.0,"#0d0887"],[0.1111111111111111,"#46039f"],[0.2222222222222222,"#7201a8"],[0.3333333333333333,"#9c179e"],[0.4444444444444444,"#bd3786"],[0.5555555555555556,"#d8576b"],[0.6666666666666666,"#ed7953"],[0.7777777777777778,"#fb9f3a"],[0.8888888888888888,"#fdca26"],[1.0,"#f0f921"]],"name":"NN","showlegend":true,"showscale":false,"x":[0.01,0.06157894736842105,0.1131578947368421,0.16473684210526315,0.2163157894736842,0.26789473684210524,0.3194736842105263,0.37105263157894736,0.4226315789473684,0.47421052631578947,0.5257894736842105,0.5773684210526315,0.6289473684210526,0.6805263157894736,0.7321052631578947,0.7836842105263158,0.8352631578947368,0.8868421052631579,0.9384210526315789,0.99],"y":[-0.09930562493060069,-0.0772377082793561,-0.055169791628111496,-0.033101874976866896,-0.011033958325622303,0.01103395832562229,0.033101874976866896,0.055169791628111475,0.07723770827935608,0.09930562493060069],"z":[[0.07567111311935454,0.041862102927340404,0.03991825714345155,0.03948601877042789,0.039353265834347714,0.039311256861569006,0.03938732581515771,0.03938732603325272,0.039387326034685796,0.03938732603502514,0.03938732603514738,0.03938732603519615,0.03938732603521964,0.03938732603523678,0.03938732603525328,0.03938732603526941,0.03938732603528377,0.039387326035294955,0.039387326035302254,0.0393873260352975],[0.07567728646754256,0.041862192644781956,0.03991826593377662,0.03948601683220441,0.039353267776313525,0.03931127035696948,0.03938732581441046,0.03938732603325186,0.03938732603468566,0.03938732603502507,0.0393873260351473,0.039387326035196076,0.039387326035219564,0.03938732603523671,0.03938732603525322,0.03938732603526937,0.03938732603528375,0.039387326035294955,0.039387326035302275,0.039387326035297585],[0.07568344258961801,0.041862281648176965,0.03991827461212389,0.039486014887378795,0.03935326973400703,0.039311283853053436,0.039387325813666156,0.039387326033251,0.039387326034685526,0.039387326035025004,0.039387326035147226,0.03938732603519599,0.03938732603521949,0.03938732603523664,0.039387326035253155,0.03938732603526933,0.03938732603528373,0.03938732603529496,0.03938732603530229,0.03938732603529766],[0.07568958143485935,0.0418623699399028,0.03991828317931502,0.03948601293609599,0.03935327170734863,0.0393112973497499,0.03938732581292487,0.03938732603325015,0.039387326034685394,0.039387326035024935,0.039387326035147156,0.039387326035195916,0.03938732603521941,0.039387326035236564,0.0393873260352531,0.03938732603526929,0.03938732603528371,0.03938732603529496,0.03938732603530231,0.03938732603529774],[0.07569570295334063,0.04186245752234242,0.039918291636167044,0.03948601097849986,0.0393532736962592,0.039311310846988606,0.03938732581218664,0.03938732603324931,0.039387326034685255,0.039387326035024865,0.03938732603514708,0.03938732603519584,0.039387326035219335,0.039387326035236495,0.03938732603525304,0.03938732603526924,0.039387326035283686,0.03938732603529496,0.039387326035302324,0.03938732603529782],[0.0757018070959189,0.04186254439788412,0.039918299983492445,0.0394860090147332,0.03935327570066007,0.03931132434470004,0.039387325811451504,0.03938732603324848,0.03938732603468512,0.039387326035024796,0.03938732603514701,0.03938732603519576,0.03938732603521926,0.039387326035236425,0.039387326035252974,0.0393873260352692,0.039387326035283665,0.03938732603529496,0.039387326035302345,0.0393873260352979],[0.07570789381422166,0.04186263056892143,0.03991830822209912,0.03948600704493777,0.039353277720473076,0.03931133784281537,0.03938732581071955,0.039387326033247655,0.03938732603468499,0.039387326035024726,0.039387326035146934,0.03938732603519569,0.03938732603521918,0.03938732603523635,0.03938732603525291,0.039387326035269156,0.039387326035283644,0.03938732603529496,0.03938732603530236,0.03938732603529797],[0.07571396306063462,0.041862716037852875,0.03991831635279048,0.03948600506925427,0.03935327975562048,0.03931135134126645,0.039387325809990804,0.03938732603324683,0.03938732603468486,0.039387326035024664,0.039387326035146865,0.03938732603519561,0.039387326035219106,0.03938732603523628,0.03938732603525285,0.039387326035269114,0.039387326035283624,0.03938732603529496,0.03938732603530238,0.03938732603529804],[0.0757200147882893,0.041862800807081844,0.039918324376365395,0.03948600308782235,0.03935328180602505,0.039311364839985805,0.03938732580926532,0.03938732603324602,0.03938732603468473,0.039387326035024595,0.03938732603514679,0.039387326035195534,0.03938732603521903,0.03938732603523621,0.039387326035252794,0.03938732603526907,0.0393873260352836,0.03938732603529497,0.03938732603530239,0.03938732603529812],[0.0757260489510514,0.0418628848790164,0.039918332293618304,0.03948600110078065,0.039353283871609995,0.039311378338906605,0.03938732580854318,0.039387326033245205,0.039387326034684596,0.039387326035024525,0.03938732603514672,0.03938732603519546,0.03938732603521895,0.039387326035236134,0.03938732603525273,0.03938732603526903,0.03938732603528358,0.03938732603529497,0.039387326035302414,0.03938732603529819]],"type":"surface","scene":"scene6"},{"colorscale":[[0.0,"#0d0887"],[0.1111111111111111,"#46039f"],[0.2222222222222222,"#7201a8"],[0.3333333333333333,"#9c179e"],[0.4444444444444444,"#bd3786"],[0.5555555555555556,"#d8576b"],[0.6666666666666666,"#ed7953"],[0.7777777777777778,"#fb9f3a"],[0.8888888888888888,"#fdca26"],[1.0,"#f0f921"]],"name":"NN","showlegend":true,"showscale":false,"x":[1e-05,0.24240772690723,0.48480545381446,0.72720318072169,0.96960090762892,1.21199863453615,1.45439636144338,1.69679408835061,1.93919181525784,2.18158954216506],"y":[1e-05,0.144560514746047,0.289111029492094,0.433661544238141,0.5782120589841879,0.7227625737302349,0.867313088476282,1.011863603222329,1.156414117968376,1.300964632714423],"z":[[9.828794557584244e-19,1.5249777601646586e-16,2.1642396249117763e-16,2.6729039188829046e-16,3.1225259023291475e-16,3.539513628107396e-16,3.936350363926601e-16,4.319654164472259e-16,4.693151493492688e-16,5.058950829330038e-16],[8.468852146704444e-19,1.3254284205655817e-16,1.8937883044933228e-16,2.3512870114538425e-16,2.758258715410944e-16,3.1368444376528235e-16,3.4974299709678577e-16,3.845405937129621e-16,4.1836753025615924e-16,4.513720958810214e-16],[2.7722161379882317e-19,4.441229145427498e-17,6.477816202425103e-17,8.189726146494974e-17,9.760179687372748e-17,1.125171272989126e-16,1.2689717525781201e-16,1.4083577277797154e-16,1.5434450850525397e-16,1.6738725180787042e-16],[-8.115251976328281e-19,-1.2411765490201777e-16,-1.7281181671738526e-16,-2.0870096934368473e-16,-2.379018255733482e-16,-2.628186174790256e-16,-2.8471187661925884e-16,-3.04360243737151e-16,-3.2230103016394176e-16,-3.3894035524409864e-16],[-1.895186466306496e-18,-2.9229532648781227e-16,-4.105781139788752e-16,-5.00365043984379e-16,-5.75623883085328e-16,-6.417402099135706e-16,-7.014638952962661e-16,-7.564401426665577e-16,-8.07765885366033e-16,-8.562329302449256e-16],[-2.31646569452238e-18,-3.0677544665304108e-16,-3.669786533114881e-16,-3.773781745992803e-16,-3.6245619209114653e-16,-3.3316194959244026e-16,-2.957639255212869e-16,-2.543199449179055e-16,-2.1165369449332928e-16,-1.6982243892504675e-16],[-3.6288121223384387e-16,1.3611892200725683e-14,6.610071217889292e-14,1.0449250907420793e-13,1.2755883352635495e-13,1.3900121369152091e-13,1.4257213488399574e-13,1.4115496948477521e-13,1.3676524036500138e-13,1.3074629880910393e-13],[3.8490559061219205e-11,7.599827151664675e-09,1.2945216718670117e-08,1.847345264371346e-08,2.4285337315331467e-08,3.0382447100222375e-08,3.673882504041137e-08,4.3311446512953365e-08,5.003975993593161e-08,5.684273246943379e-08],[5.098215451067619e-11,7.494336919166915e-09,9.818066342472932e-09,1.0918615172959892e-08,1.1190384204434081e-08,1.0798870708313516e-08,9.839919246375782e-09,8.38029482862203e-09,6.472683227417597e-09,4.162551693456812e-09],[1.8351977148923604e-11,1.1380504259511937e-09,-9.84211353932187e-10,-4.533451378035598e-09,-9.211780477897494e-09,-1.4860250007561953e-08,-2.1369970669788913e-08,-2.8656324314174307e-08,-3.664824395391784e-08,-4.5282746780901413e-08]],"type":"surface","scene":"scene7"},{"colorscale":[[0.0,"#0d0887"],[0.1111111111111111,"#46039f"],[0.2222222222222222,"#7201a8"],[0.3333333333333333,"#9c179e"],[0.4444444444444444,"#bd3786"],[0.5555555555555556,"#d8576b"],[0.6666666666666666,"#ed7953"],[0.7777777777777778,"#fb9f3a"],[0.8888888888888888,"#fdca26"],[1.0,"#f0f921"]],"name":"NN","showlegend":true,"showscale":false,"x":[-0.09930562493060069,-0.0772377082793561,-0.055169791628111496,-0.033101874976866896,-0.011033958325622303,0.01103395832562229,0.033101874976866896,0.055169791628111475,0.07723770827935608,0.09930562493060069],"y":[1e-05,0.144560514746047,0.289111029492094,0.433661544238141,0.5782120589841879,0.7227625737302349,0.867313088476282,1.011863603222329,1.156414117968376,1.300964632714423],"z":[[3.1338160751529457e-16,3.1309610426096603e-16,3.128127129000446e-16,3.1253179936994714e-16,3.1225259023291475e-16,3.1197583107934015e-16,3.1170075003719773e-16,3.114277132135857e-16,3.11157085544724e-16,3.108880974579044e-16],[2.7694458363008706e-16,2.7666331490778466e-16,2.7638311494646346e-16,2.7610397127861284e-16,2.758258715410944e-16,2.755488034738126e-16,2.752724143240773e-16,2.7499737355489893e-16,2.7472332827965805e-16,2.744502666374806e-16],[9.923052960774541e-17,9.882319116173979e-17,9.841593986201926e-17,9.800876967082656e-17,9.760179687372748e-17,9.71947705670941e-17,9.678780768791355e-17,9.638090248365685e-17,9.597416948709796e-17,9.556736214254632e-17],[-2.368507334572615e-16,-2.3711319132212934e-16,-2.3737580946711286e-16,-2.3763888580733505e-16,-2.379018255733482e-16,-2.3816522465741477e-16,-2.384284869833301e-16,-2.3869220972486e-16,-2.3895579549835727e-16,-2.392198427614185e-16],[-5.766626283452371e-16,-5.764014552192762e-16,-5.761413917757978e-16,-5.758824344007311e-16,-5.75623883085328e-16,-5.753671275948605e-16,-5.751114676960286e-16,-5.748569000170794e-16,-5.746034212451988e-16,-5.743503333777742e-16],[-3.964787171167879e-16,-3.879504251746189e-16,-3.794369839332125e-16,-3.709388744189135e-16,-3.6245619209114653e-16,-3.5398834420396264e-16,-3.4553648224771674e-16,-3.3709969352608775e-16,-3.286787601961468e-16,-3.202737761879619e-16],[1.1476613830438848e-13,1.1798514514054335e-13,1.2119044289265894e-13,1.243817643038649e-13,1.2755883352635495e-13,1.3072139951597348e-13,1.3386919135223287e-13,1.3700197629689947e-13,1.4011947680908258e-13,1.432214541372694e-13],[2.256794732303126e-08,2.2998309878455422e-08,2.342799416504084e-08,2.3857002528649926e-08,2.4285337315331467e-08,2.4713000871279465e-08,2.513999554277145e-08,2.5566323676115015e-08,2.599198761758262e-08,2.6416989713367797e-08],[1.065784744286236e-08,1.0792145053961475e-08,1.0925665117131255e-08,1.1058410535099445e-08,1.1190384204434081e-08,1.1321589015580139e-08,1.1452027852894505e-08,1.1581703594684867e-08,1.1710619113243854e-08,1.183877727488607e-08],[-9.073018187918563e-09,-9.106426186564445e-09,-9.140691314400202e-09,-9.175810448886182e-09,-9.211780477897494e-09,-9.248598299648129e-09,-9.28626082261787e-09,-9.32476496547447e-09,-9.364107657004962e-09,-9.404285836039428e-09]],"type":"surface","scene":"scene8"},{"colorscale":[[0.0,"#0d0887"],[0.1111111111111111,"#46039f"],[0.2222222222222222,"#7201a8"],[0.3333333333333333,"#9c179e"],[0.4444444444444444,"#bd3786"],[0.5555555555555556,"#d8576b"],[0.6666666666666666,"#ed7953"],[0.7777777777777778,"#fb9f3a"],[0.8888888888888888,"#fdca26"],[1.0,"#f0f921"]],"name":"NN","showlegend":true,"showscale":false,"x":[-0.09930562493060069,-0.0772377082793561,-0.055169791628111496,-0.033101874976866896,-0.011033958325622303,0.01103395832562229,0.033101874976866896,0.055169791628111475,0.07723770827935608,0.09930562493060069],"y":[1e-05,0.24240772690723,0.48480545381446,0.72720318072169,0.96960090762892,1.21199863453615,1.45439636144338,1.69679408835061,1.93919181525784,2.18158954216506],"z":[[-1.9011453009019202e-18,-1.8996415761909577e-18,-1.8981472526198132e-18,-1.8966622442768592e-18,-1.895186466306496e-18,-1.893719834897531e-18,-1.8922599727470596e-18,-1.8908113890177243e-18,-1.8893717065566558e-18,-1.8879408456159867e-18],[-2.9307125127478243e-16,-2.928758437710901e-16,-2.9268115614735184e-16,-2.92487889643992e-16,-2.9229532648781227e-16,-2.921041671291579e-16,-2.9191369501225606e-16,-2.9172425626932094e-16,-2.915361961476366e-16,-2.9134879988924655e-16],[-4.1152013821462377e-16,-4.1128277262445695e-16,-4.1104656886966272e-16,-4.1081151936217523e-16,-4.105781139788752e-16,-4.103453503024734e-16,-4.10113718717793e-16,-4.098832120377736e-16,-4.096538231727944e-16,-4.094255451295736e-16],[-5.013757390647693e-16,-5.011218161578067e-16,-5.008684261668748e-16,-5.006161706127672e-16,-5.00365043984379e-16,-5.001150408514956e-16,-4.998655507547174e-16,-4.996177789704388e-16,-4.993711148659652e-16,-4.991255533256913e-16],[-5.766626283452371e-16,-5.764014552192762e-16,-5.761413917757978e-16,-5.758824344007311e-16,-5.75623883085328e-16,-5.753671275948605e-16,-5.751114676960286e-16,-5.748569000170794e-16,-5.746034212451988e-16,-5.743503333777742e-16],[-6.427816196689847e-16,-6.425198149955167e-16,-6.422591090745024e-16,-6.419987236866008e-16,-6.417402099135706e-16,-6.41482789273526e-16,-6.412264599819333e-16,-6.409704453878596e-16,-6.407162939570976e-16,-6.404632287779462e-16],[-7.024910245139918e-16,-7.022321478273718e-16,-7.01975233514995e-16,-7.017194320389697e-16,-7.014638952962661e-16,-7.012103183575307e-16,-7.009578528334127e-16,-7.007056517519839e-16,-7.004554081961464e-16,-7.002054290346771e-16],[-7.574364653509957e-16,-7.571861121729932e-16,-7.569359973363436e-16,-7.566879499089932e-16,-7.564401426665577e-16,-7.561944033460669e-16,-7.559498188472906e-16,-7.55705477451883e-16,-7.554632049204874e-16,-7.552211775370336e-16],[-8.08715005945672e-16,-8.084761489373622e-16,-8.082385046430644e-16,-8.080010995230367e-16,-8.07765885366033e-16,-8.075309139958844e-16,-8.072981359075465e-16,-8.070656042718025e-16,-8.068352683014128e-16,-8.06605182501677e-16],[-8.571210298934922e-16,-8.568975825440048e-16,-8.56674393153143e-16,-8.564535302251482e-16,-8.562329302449256e-16,-8.560146604721606e-16,-8.557966586698075e-16,-8.555809908655598e-16,-8.553655960874534e-16,-8.551525391437988e-16]],"type":"surface","scene":"scene9"},{"colorscale":[[0.0,"#0d0887"],[0.1111111111111111,"#46039f"],[0.2222222222222222,"#7201a8"],[0.3333333333333333,"#9c179e"],[0.4444444444444444,"#bd3786"],[0.5555555555555556,"#d8576b"],[0.6666666666666666,"#ed7953"],[0.7777777777777778,"#fb9f3a"],[0.8888888888888888,"#fdca26"],[1.0,"#f0f921"]],"name":"NN","showlegend":true,"showscale":false,"x":[0.01,0.06157894736842105,0.1131578947368421,0.16473684210526315,0.2163157894736842,0.26789473684210524,0.3194736842105263,0.37105263157894736,0.4226315789473684,0.47421052631578947,0.5257894736842105,0.5773684210526315,0.6289473684210526,0.6805263157894736,0.7321052631578947,0.7836842105263158,0.8352631578947368,0.8868421052631579,0.9384210526315789,0.99],"y":[1e-05,0.144560514746047,0.289111029492094,0.433661544238141,0.5782120589841879,0.7227625737302349,0.867313088476282,1.011863603222329,1.156414117968376,1.300964632714423],"z":[[-4.362789525059124e-06,-5.599659494627707e-13,-1.5690637859576113e-14,-3.028800788129355e-15,-9.287178740906552e-16,-2.4668549083458116e-16,5.009183808287365e-17,1.982203067337789e-16,2.746117404219571e-16,3.1225259023291475e-16,3.28419916042302e-16,3.329299836053112e-16,3.3133864157918897e-16,3.2667311877050424e-16,3.2052534629554725e-16,3.137314864195578e-16,3.067613608098913e-16,2.9991258219689494e-16,2.933918132107421e-16,2.873416037651809e-16],[-5.653351244227828e-05,-1.2418676590096027e-05,-2.3995646010651346e-13,-8.154474239657705e-15,-1.919788949548552e-15,-7.285031165428309e-16,-2.4704225362891577e-16,1.841934229493452e-17,1.800774785882712e-16,2.758258715410944e-16,3.2568883470176096e-16,3.4473244374116504e-16,3.4498453202635116e-16,3.3524189605828126e-16,3.212106697837405e-16,3.0616212751416754e-16,2.9173535212952457e-16,2.786149548486664e-16,2.669947482097676e-16,2.568469475639449e-16],[-1.8875726626369776e-05,-1.5808357194480519e-06,-1.7835593608397353e-06,-1.0090695683814759e-11,-9.526415252562332e-15,-1.8633002334031914e-15,-7.776245689728041e-16,-3.4854683366176343e-16,-8.648706212979427e-17,9.760179687372748e-17,2.2561457501925693e-16,3.0527409204342445e-16,3.445309894292757e-16,3.538897035593781e-16,3.443411568197368e-16,3.2505284128409177e-16,3.0237226554593943e-16,2.80010563171927e-16,2.597530161728139e-16,2.4220643602712416e-16],[-1.4537931421700775e-05,-4.334003148511905e-07,-1.555012032644452e-07,-3.257787458132255e-07,-3.172900294342674e-07,-2.1120618504248144e-14,-2.1438948962838827e-15,-8.927814405386966e-16,-4.924599617538892e-16,-2.379018255733482e-16,-4.38298461031985e-17,1.0957154254236129e-16,2.249692978284814e-16,3.007797779331633e-16,3.388939682346839e-16,3.46441281938553e-16,3.333931144234746e-16,3.093242687341995e-16,2.814540969890148e-16,2.5424210496629107e-16],[-1.4129317494230693e-05,-2.7709815309441006e-07,6.686031043829164e-08,5.040205306007282e-08,-2.3134584297752686e-08,-1.4598040029464177e-07,-4.0181614563038277e-13,-2.3599993760460913e-15,-8.728846198380043e-16,-5.75623883085328e-16,-3.8376059218923213e-16,-2.0618787501410566e-16,-4.874500255627658e-17,8.635368812893851e-17,1.95671146867838e-16,2.733457261655581e-16,3.164803511981316e-16,3.283130413797213e-16,3.169681345374897e-16,2.920136615129418e-16],[-1.1681382287335641e-05,-1.9569223894644928e-07,8.030002359941033e-08,1.021531267469121e-07,6.464865392045069e-08,2.8583881189076532e-08,-1.490470974795388e-08,-9.825861365055197e-10,-1.4199983248628365e-15,-3.6245619209114653e-16,-4.1602590250097713e-16,-4.129801605176942e-16,-3.3097929461076857e-16,-2.0536379493231152e-16,-7.488833956196867e-17,4.572650231122856e-17,1.503804030342635e-16,2.3154717259918935e-16,2.827029860733402e-16,3.028317607152239e-16],[-7.515653640692737e-06,-7.23424136501862e-08,5.7908875865877295e-08,8.395048904220038e-08,5.751561449158241e-08,3.330709814735812e-08,2.0334991653447025e-08,1.2517511527834821e-08,8.46107424062157e-09,1.2755883352635495e-13,1.9775078162793384e-15,2.6063989164165253e-16,-1.5507277729805133e-16,-2.9801799553277015e-16,-2.9673555514081757e-16,-2.1597012718517184e-16,-1.0914809902881915e-16,-1.817149148430222e-18,9.743890053279663e-17,1.8115753072215682e-16],[-3.0476424677115236e-06,6.243381500810694e-08,2.6488990252133164e-08,3.901536221863447e-08,2.0660317063235198e-08,4.72850065106547e-09,-5.059786180703951e-10,4.303094370298791e-09,1.3841283298266627e-08,2.4285337315331467e-08,1.5373776791901427e-10,2.4041392323565575e-14,2.2222604365190324e-15,5.883736950839253e-16,4.1221622456298405e-17,-1.9659428073485001e-16,-2.645240467726176e-16,-2.2804734280856463e-16,-1.4479444517997555e-16,-5.049447151143567e-17],[7.113812119062498e-07,1.630846715666373e-07,-1.6838347181873915e-08,-2.085086256317307e-08,-3.2349529363825566e-08,-3.784737262529781e-08,-3.398475631190418e-08,-2.24667369633223e-08,-5.953782307163864e-09,1.1190384204434081e-08,2.562958228517505e-08,1.2076344619845736e-08,7.679480381180766e-13,1.1769177926820371e-14,2.2749840037693504e-15,8.129741636812629e-16,2.1094196704225577e-16,-9.532107378287158e-17,-2.254960098968131e-16,-2.3525851594302323e-16],[3.19127248736188e-06,1.9893390895951298e-07,-7.838416609669788e-08,-9.253858362018784e-08,-9.575818832941358e-08,-8.946417983466632e-08,-7.411575218519519e-08,-5.392030227214523e-08,-3.154185413072289e-08,-9.211780477897494e-09,9.894288712959254e-09,2.3875637774448512e-08,2.708083254776566e-08,8.148722296638412e-11,1.0292945259432367e-13,8.167288408372235e-15,2.3019530992893212e-15,9.852970108928105e-16,3.6656785439588805e-16,1.1185309179135519e-17]],"type":"surface","scene":"scene10"},{"colorscale":[[0.0,"#0d0887"],[0.1111111111111111,"#46039f"],[0.2222222222222222,"#7201a8"],[0.3333333333333333,"#9c179e"],[0.4444444444444444,"#bd3786"],[0.5555555555555556,"#d8576b"],[0.6666666666666666,"#ed7953"],[0.7777777777777778,"#fb9f3a"],[0.8888888888888888,"#fdca26"],[1.0,"#f0f921"]],"name":"NN","showlegend":true,"showscale":false,"x":[0.01,0.06157894736842105,0.1131578947368421,0.16473684210526315,0.2163157894736842,0.26789473684210524,0.3194736842105263,0.37105263157894736,0.4226315789473684,0.47421052631578947,0.5257894736842105,0.5773684210526315,0.6289473684210526,0.6805263157894736,0.7321052631578947,0.7836842105263158,0.8352631578947368,0.8868421052631579,0.9384210526315789,0.99],"y":[1e-05,0.24240772690723,0.48480545381446,0.72720318072169,0.96960090762892,1.21199863453615,1.45439636144338,1.69679408835061,1.93919181525784,2.18158954216506],"z":[[-4.124101526785172e-08,-1.2436569950513753e-09,-2.2453289730071235e-10,-2.3441067683731546e-10,-4.178657835821938e-10,-6.873826770675173e-10,-3.942117621936335e-15,-9.529849452905503e-18,-2.940095634229462e-18,-1.895186466306496e-18,-1.2907871079335438e-18,-7.208237731247977e-19,-2.0758566046511358e-19,2.279155247837073e-19,5.710955000393139e-19,8.080071758222314e-19,9.364280616919957e-19,9.711273501074989e-19,9.384341698975418e-19,8.666715809920455e-19],[-7.0518918937697695e-06,-1.7968216250264675e-07,-1.377481457614111e-08,-1.9659870148019087e-08,-5.1158744125174515e-08,-9.825969868575812e-08,-4.590109689853604e-13,-1.3884308112648056e-15,-4.493390261721254e-16,-2.9229532648781227e-16,-1.9831267711872175e-16,-1.0976449035718716e-16,-3.0291861518483576e-17,3.732574342047703e-17,9.095680666621213e-17,1.2824264533934938e-16,1.485667265562542e-16,1.5406409082743762e-