{"data":[{"colorscale":[[0.0,"#0d0887"],[0.1111111111111111,"#46039f"],[0.2222222222222222,"#7201a8"],[0.3333333333333333,"#9c179e"],[0.4444444444444444,"#bd3786"],[0.5555555555555556,"#d8576b"],[0.6666666666666666,"#ed7953"],[0.7777777777777778,"#fb9f3a"],[0.8888888888888888,"#fdca26"],[1.0,"#f0f921"]],"name":"NN","showlegend":true,"showscale":false,"x":[1e-05,0.24240772690723,0.48480545381446,0.72720318072169,0.96960090762892,1.21199863453615,1.45439636144338,1.69679408835061,1.93919181525784,2.18158954216506],"y":[1e-05,0.144560514746047,0.289111029492094,0.433661544238141,0.5782120589841879,0.7227625737302349,0.867313088476282,1.011863603222329,1.156414117968376,1.300964632714423],"z":[[0.9999999988190945,0.9999999988192699,0.9999999988194492,0.9999999988196333,0.9999999988198227,0.9999999988200184,0.9999999988202211,0.9999999988204314,0.9999999988206502,0.999999998820878],[0.9999999988132622,0.9999999988135067,0.9999999988137638,0.999999998814034,0.9999999988143181,0.9999999988146163,0.999999998814929,0.9999999988152563,0.9999999988155982,0.9999999988159546],[0.9999999988046324,0.9999999988052336,0.9999999988058448,0.9999999988064657,0.999999998807096,0.9999999988077352,0.9999999988083823,0.9999999988090366,0.999999998809697,0.9999999988103625],[0.9999999987913409,0.999999998792865,0.9999999987943475,0.9999999987957893,0.9999999987971908,0.9999999987985528,0.9999999987998758,0.9999999988011602,0.9999999988024064,0.9999999988036147],[0.9999999987388608,0.9999999987472871,0.99999999875454,0.9999999987608407,0.9999999987663607,0.9999999987712345,0.999999998775568,0.9999999987794456,0.999999998782935,0.999999998786091],[0.9999727292198489,0.9999863537611298,0.9999938753186358,0.9999975094080965,0.9999990583703299,0.9999996554854257,0.9999998720684342,0.9999999494998717,0.999999977998393,0.9999999891583574],[0.999183083753918,0.9992441513490095,0.9993044437660892,0.9993638418037576,0.9994222041865614,0.999479357671728,0.9995350889883334,0.9995891385304039,0.9996411966403957,0.9996909039651776],[0.9986098735136922,0.9986617411055423,0.9987126744590706,0.9987627002027728,0.998811851640731,0.9988601656327658,0.9989076808704364,0.9989544367624597,0.9990004725773931,0.9990458266818152],[0.9981786516072692,0.9982247369435091,0.9982696960381837,0.9983135688156863,0.9983563990832709,0.9983982322147124,0.9984391139914519,0.9984790899704096,0.9985182051006511,0.9985565034660666],[0.9978321915872596,0.9978752848084612,0.9979173080978003,0.9979582985051323,0.9979982945009416,0.998037334222336,0.9980754546691246,0.9981126913299374,0.998149078009225,0.9981846467535974]],"type":"surface","scene":"scene"},{"colorscale":[[0.0,"#0d0887"],[0.1111111111111111,"#46039f"],[0.2222222222222222,"#7201a8"],[0.3333333333333333,"#9c179e"],[0.4444444444444444,"#bd3786"],[0.5555555555555556,"#d8576b"],[0.6666666666666666,"#ed7953"],[0.7777777777777778,"#fb9f3a"],[0.8888888888888888,"#fdca26"],[1.0,"#f0f921"]],"name":"NN","showlegend":true,"showscale":false,"x":[-0.09930562493060069,-0.0772377082793561,-0.055169791628111496,-0.033101874976866896,-0.011033958325622303,0.01103395832562229,0.033101874976866896,0.055169791628111475,0.07723770827935608,0.09930562493060069],"y":[1e-05,0.144560514746047,0.289111029492094,0.433661544238141,0.5782120589841879,0.7227625737302349,0.867313088476282,1.011863603222329,1.156414117968376,1.300964632714423],"z":[[0.9999999988203361,0.9999999988202096,0.9999999988200818,0.9999999988199529,0.9999999988198227,0.9999999988196914,0.9999999988195587,0.9999999988194249,0.9999999988192899,0.9999999988191537],[0.9999999988149328,0.9999999988147796,0.9999999988146261,0.9999999988144722,0.9999999988143181,0.9999999988141637,0.999999998814009,0.9999999988138543,0.9999999988136994,0.9999999988135443],[0.9999999988075351,0.9999999988074237,0.9999999988073134,0.9999999988072042,0.999999998807096,0.999999998806989,0.9999999988068831,0.9999999988067784,0.9999999988066747,0.9999999988065723],[0.9999999987970454,0.99999999879708,0.9999999987971158,0.9999999987971527,0.9999999987971908,0.99999999879723,0.9999999987972703,0.9999999987973117,0.9999999987973541,0.9999999987973975],[0.9999999987626966,0.9999999987636548,0.999999998764584,0.9999999987654856,0.9999999987663607,0.9999999987672105,0.9999999987680359,0.999999998768838,0.999999998769618,0.9999999987703765],[0.9999974923135555,0.9999980234054865,0.9999984498114493,0.9999987895679179,0.9999990583703299,0.9999992696621051,0.9999994347855962,0.9999995631754032,0.9999996625755784,0.9999997392646964],[0.9993688426675701,0.9993821617674796,0.9993954973915732,0.9994088460846092,0.9994222041865614,0.999435567822663,0.9994489328934378,0.9994622950647892,0.999475649758233,0.9994889921413707],[0.9987662107951694,0.9987775821994261,0.9987889795015653,0.9988004026634655,0.998811851640731,0.9988233263819387,0.9988348268278503,0.9988463529105899,0.9988579045527838,0.9988694816666608],[0.9983175673425774,0.9983272728678542,0.9983369799291241,0.998346688630898,0.9983563990832709,0.9983661114018221,0.9983758257075135,0.9983855421265851,0.9983952607904489,0.9984049818355787],[0.9979641206602468,0.9979726791870422,0.9979812276674154,0.997989766103113,0.9979982945009416,0.9980068128727422,0.9980153212353633,0.9980238196106344,0.9980323080253378,0.9980407865111823]],"type":"surface","scene":"scene2"},{"colorscale":[[0.0,"#0d0887"],[0.1111111111111111,"#46039f"],[0.2222222222222222,"#7201a8"],[0.3333333333333333,"#9c179e"],[0.4444444444444444,"#bd3786"],[0.5555555555555556,"#d8576b"],[0.6666666666666666,"#ed7953"],[0.7777777777777778,"#fb9f3a"],[0.8888888888888888,"#fdca26"],[1.0,"#f0f921"]],"name":"NN","showlegend":true,"showscale":false,"x":[-0.09930562493060069,-0.0772377082793561,-0.055169791628111496,-0.033101874976866896,-0.011033958325622303,0.01103395832562229,0.033101874976866896,0.055169791628111475,0.07723770827935608,0.09930562493060069],"y":[1e-05,0.24240772690723,0.48480545381446,0.72720318072169,0.96960090762892,1.21199863453615,1.45439636144338,1.69679408835061,1.93919181525784,2.18158954216506],"z":[[0.9999999987316698,0.999999998733575,0.9999999987354062,0.9999999987371669,0.9999999987388608,0.9999999987404913,0.9999999987420616,0.9999999987435747,0.9999999987450333,0.9999999987464403],[0.999999998741299,0.9999999987428799,0.999999998744403,0.9999999987458712,0.9999999987472871,0.9999999987486532,0.999999998749972,0.9999999987512458,0.9999999987524766,0.9999999987536665],[0.9999999987495034,0.9999999987508287,0.9999999987521084,0.9999999987533449,0.99999999875454,0.9999999987556958,0.999999998756814,0.9999999987578965,0.9999999987589446,0.99999999875996],[0.999999998756564,0.9999999987576856,0.9999999987587712,0.9999999987598224,0.9999999987608407,0.9999999987618274,0.9999999987627841,0.999999998763712,0.9999999987646125,0.9999999987654866],[0.9999999987626966,0.9999999987636548,0.999999998764584,0.9999999987654856,0.9999999987663607,0.9999999987672105,0.9999999987680359,0.999999998768838,0.999999998769618,0.9999999987703765],[0.9999999987680688,0.9999999987688942,0.9999999987696965,0.9999999987704762,0.9999999987712345,0.9999999987719722,0.9999999987726901,0.999999998773389,0.9999999987740695,0.9999999987747327],[0.9999999987728111,0.9999999987735282,0.9999999987742262,0.9999999987749059,0.999999998775568,0.9999999987762133,0.9999999987768422,0.9999999987774556,0.9999999987780538,0.9999999987786377],[0.999999998777027,0.9999999987776546,0.9999999987782664,0.9999999987788633,0.9999999987794456,0.999999998780014,0.9999999987805689,0.9999999987811108,0.9999999987816403,0.9999999987821576],[0.9999999987807984,0.9999999987813516,0.9999999987818917,0.9999999987824194,0.999999998782935,0.999999998783439,0.9999999987839318,0.9999999987844137,0.9999999987848851,0.9999999987853464],[0.9999999987841913,0.999999998784682,0.9999999987851621,0.9999999987856316,0.999999998786091,0.9999999987865407,0.9999999987869809,0.999999998787412,0.9999999987878343,0.999999998788248]],"type":"surface","scene":"scene3"},{"colorscale":[[0.0,"#0d0887"],[0.1111111111111111,"#46039f"],[0.2222222222222222,"#7201a8"],[0.3333333333333333,"#9c179e"],[0.4444444444444444,"#bd3786"],[0.5555555555555556,"#d8576b"],[0.6666666666666666,"#ed7953"],[0.7777777777777778,"#fb9f3a"],[0.8888888888888888,"#fdca26"],[1.0,"#f0f921"]],"name":"NN","showlegend":true,"showscale":false,"x":[0.01,0.06157894736842105,0.1131578947368421,0.16473684210526315,0.2163157894736842,0.26789473684210524,0.3194736842105263,0.37105263157894736,0.4226315789473684,0.47421052631578947,0.5257894736842105,0.5773684210526315,0.6289473684210526,0.6805263157894736,0.7321052631578947,0.7836842105263158,0.8352631578947368,0.8868421052631579,0.9384210526315789,0.99],"y":[1e-05,0.144560514746047,0.289111029492094,0.433661544238141,0.5782120589841879,0.7227625737302349,0.867313088476282,1.011863603222329,1.156414117968376,1.300964632714423],"z":[[0.9511884520027288,0.999999972944512,0.9999999942184226,0.9999999974339533,0.9999999983185437,0.9999999986092586,0.999999998718399,0.9999999987651793,0.9999999987879482,0.9999999988003263,0.9999999988076971,0.9999999988124273,0.9999999988156641,0.999999998818014,0.9999999988198227,0.9999999988212996,0.9999999988225781,0.9999999988237458,0.9999999988248608,0.9999999988259605],[0.4698624587688584,0.9005363753053288,0.9768059784930753,0.9999960274973042,0.9999999964962102,0.9999999982148223,0.9999999985742899,0.9999999987022349,0.9999999987560311,0.9999999987817418,0.999999998795461,0.9999999988034781,0.9999999988085235,0.9999999988119073,0.9999999988143181,0.999999998816148,0.9999999988176352,0.9999999988189312,0.9999999988201346,0.9999999988213085],[0.4523013358235306,0.8658502333740556,0.9413370143003688,0.9719444317199584,0.9877736416096489,0.9969835159540295,0.999999840043566,0.9999999982462406,0.9999999986400366,0.999999998730314,0.9999999987676526,0.9999999987862653,0.9999999987966652,0.9999999988029858,0.999999998807096,0.9999999988099386,0.9999999988120346,0.9999999988136945,0.9999999988151128,0.9999999988164141],[0.44412094560099913,0.8543518220078669,0.9294282922715813,0.9602122096973005,0.9764853693452091,0.9862824145329983,0.9925719191627553,0.9967156106076487,0.9995529094517424,0.9999999839743452,0.9999999985642251,0.9999999987324957,0.9999999987708129,0.9999999987878199,0.9999999987971908,0.99999999880295,0.9999999988067646,0.9999999988094602,0.9999999988114957,0.9999999988131464],[0.44063795715082826,0.8485738891116488,0.9234146848004042,0.9543536825241928,0.9708763647242346,0.9809241022697214,0.9875102801031993,0.9920261038256949,0.9952011075619082,0.9974513441979033,0.9990483036343542,0.9999678254559685,0.9999999954606926,0.9999999986695766,0.9999999987663607,0.9999999987887781,0.9999999987989907,0.9999999988049469,0.9999999988088513,0.9999999988116114],[0.4390291968145874,0.84509626109556,0.9198081452976904,0.950809496435398,0.9674846777548245,0.9777178418119656,0.9844961766165508,0.9892058143315716,0.9925798665774249,0.9950432494344117,0.9968616711511706,0.9981964645202971,0.9991528110657639,0.999808211549461,0.9999990583703299,0.9999999976732753,0.9999999987275195,0.9999999987872141,0.9999999988019552,0.999999998808831],[0.43796807251589653,0.8427562412028161,0.9174076162930428,0.9484551117144513,0.9652204562735606,0.9755699460771742,0.9824784708404221,0.9873256100725287,0.9908427334141423,0.993448791340719,0.9954040105194666,0.9968822957618038,0.9979973046502857,0.9988234522396179,0.9994222041865614,0.9998259356237653,0.999989044312369,0.999999964024591,0.9999999983576136,0.9999999987669957],[0.43720015367066495,0.8410996262577994,0.9156960578259402,0.9467814804542818,0.9636108844255564,0.9740400266828186,0.9810369649842758,0.9859771822010098,0.9895933670921857,0.9923053528199121,0.9943681864104184,0.9959506429383013,0.997169894735566,0.9981048272313043,0.998811851640731,0.9993393453872806,0.9997175452968396,0.9999317967550898,0.999993725175218,0.9999998081404626],[0.43670711075969215,0.8398854530490475,0.9144131346130655,0.9455239876688698,0.9624024300282259,0.9728923666461575,0.9799571852149379,0.9849672583994536,0.9886548346533534,0.9914422622060322,0.993584697987161,0.9952476915441656,0.9965474173143606,0.9975652458136255,0.9983563990832709,0.9989638862460484,0.999424911944257,0.9997550168081344,0.999936752468161,0.9999913998922998],[0.43638100966003074,0.8389303751811283,0.9133946248128632,0.9445258660081266,0.9614459622276708,0.9719856316343201,0.979107144940678,0.9841767698247381,0.9879243416717145,0.9907726282523708,0.9929772474782925,0.9947022197606549,0.9960625482947494,0.9971420216436747,0.9979982945009416,0.9986710766144583,0.9991935601696134,0.9995895415579434,0.9998531301631378,0.9999702564864028]],"type":"surface","scene":"scene4"},{"colorscale":[[0.0,"#0d0887"],[0.1111111111111111,"#46039f"],[0.2222222222222222,"#7201a8"],[0.3333333333333333,"#9c179e"],[0.4444444444444444,"#bd3786"],[0.5555555555555556,"#d8576b"],[0.6666666666666666,"#ed7953"],[0.7777777777777778,"#fb9f3a"],[0.8888888888888888,"#fdca26"],[1.0,"#f0f921"]],"name":"NN","showlegend":true,"showscale":false,"x":[0.01,0.06157894736842105,0.1131578947368421,0.16473684210526315,0.2163157894736842,0.26789473684210524,0.3194736842105263,0.37105263157894736,0.4226315789473684,0.47421052631578947,0.5257894736842105,0.5773684210526315,0.6289473684210526,0.6805263157894736,0.7321052631578947,0.7836842105263158,0.8352631578947368,0.8868421052631579,0.9384210526315789,0.99],"y":[1e-05,0.24240772690723,0.48480545381446,0.72720318072169,0.96960090762892,1.21199863453615,1.45439636144338,1.69679408835061,1.93919181525784,2.18158954216506],"z":[[0.44156909397833405,0.8485597464948398,0.9233081927336523,0.9541567907040096,0.9706284379816683,0.9806477756910299,0.9872168891416846,0.9917211276075021,0.994883904907706,0.9971190904014634,0.9987020807930088,0.9998119243995979,0.9999999508910308,0.9999999984791681,0.9999999987388608,0.9999999987758685,0.9999999987900439,0.999999998797776,0.9999999988026963,0.9999999988061299],[0.4413766713320638,0.8485511653101002,0.9233195840316868,0.9541979723684608,0.9706865193013575,0.980714362870137,0.9872882050190761,0.991795924497682,0.9949624762408348,0.9972018053538753,0.9987881764819516,0.9998654266242378,0.9999999770632014,0.9999999985501915,0.9999999987472871,0.9999999987795004,0.9999999987924661,0.9999999987996715,0.9999999988042941,0.9999999988075328],[0.4411564961953983,0.8485569786448556,0.9233458868982207,0.954247144776757,0.9707485483556539,0.9807832696385159,0.9873611865115706,0.9918718540591991,0.9950416594104865,0.9972848573436277,0.9988746840416385,0.9999095955742657,0.9999999880637984,0.9999999986019275,0.99999999875454,0.9999999987828413,0.9999999987947585,0.9999999988014966,0.9999999988058526,0.9999999988089148],[0.4409073790619423,0.8485658695555245,0.9233786739994709,0.9542996428057433,0.9708121134845796,0.9808532967029345,0.987435247993564,0.9919485985745506,0.9951212292990828,0.9973680667250864,0.9989614379101334,0.9999436652664847,0.9999999930337901,0.9999999986403998,0.9999999987608407,0.9999999987859245,0.9999999987969306,0.9999999988032542,0.9999999988073716,0.9999999988102748],[0.44063795715082826,0.8485738891116488,0.9234146848004042,0.9543536825241928,0.9708763647242346,0.9809241022697214,0.9875102801031993,0.9920261038256949,0.9952011075619082,0.9974513441979033,0.9990483036343542,0.9999678254559685,0.9999999954606926,0.9999999986695766,0.9999999987663607,0.9999999987887781,0.9999999987989907,0.9999999988049469,0.9999999988088513,0.9999999988116114],[0.4403617781043921,0.8485804709425202,0.9234530257272157,0.9544088011534987,0.9709411697469357,0.9809957389638607,0.9875863902897638,0.9921044318902671,0.9952812798246702,0.9975346462284975,0.9991351378019675,0.9999833167122354,0.9999999967378832,0.9999999986921208,0.9999999987712345,0.9999999987914265,0.9999999988009464,0.999999998806577,0.9999999988102916,0.9999999988129231],[0.44009475512850255,0.8485865722376217,0.9234938731358815,0.9544651362972584,0.9710067248286423,0.9810684405384988,0.9876637828162996,0.9921836925719849,0.9953617573141739,0.997617955571368,0.9992217551845494,0.9999921721227985,0.9999999974566005,0.9999999987098502,0.999999998775568,0.9999999987938903,0.9999999988028042,0.9999999988081462,0.9999999988116918,0.9999999988142084],[0.4398538752187837,0.8485938114303456,0.9235378745414369,0.9545230938060913,0.971073375808916,0.9811425234120056,0.9877427025876837,0.9922640107177758,0.9954425587890726,0.9977012733029886,0.9993078939720811,0.9999966526473645,0.9999999978849045,0.9999999987240268,0.9999999987794456,0.9999999987961873,0.9999999988045699,0.9999999988096562,0.9999999988130516,0.9999999988154654],[0.43965652913802983,0.8486040696201972,0.9235858728562282,0.9545831950350842,0.9711415357564217,0.9812183409033574,0.9878234081456341,0.9923455099437078,0.99552370184289,0.997784616222474,0.9993931745955772,0.9999986680125857,0.999999998152692,0.9999999987355395,0.999999998782935,0.9999999987983327,0.9999999988062488,0.9999999988111083,0.9999999988143704,0.9999999988166925],[0.43952014051541827,0.8486193071407736,0.923638779818291,0.9546460068450903,0.9712116471616569,0.9812962616355458,0.9879061579779244,0.9924283039217824,0.9956051986511865,0.9978680168169605,0.9994770509249672,0.9999994895595941,0.999999998326985,0.9999999987450242,0.999999998786091,0.9999999988003399,0.9999999988078451,0.9999999988125038,0.9999999988156475,0.9999999988178879]],"type":"surface","scene":"scene5"},{"colorscale":[[0.0,"#0d0887"],[0.1111111111111111,"#46039f"],[0.2222222222222222,"#7201a8"],[0.3333333333333333,"#9c179e"],[0.4444444444444444,"#bd3786"],[0.5555555555555556,"#d8576b"],[0.6666666666666666,"#ed7953"],[0.7777777777777778,"#fb9f3a"],[0.8888888888888888,"#fdca26"],[1.0,"#f0f921"]],"name":"NN","showlegend":true,"showscale":false,"x":[0.01,0.06157894736842105,0.1131578947368421,0.16473684210526315,0.2163157894736842,0.26789473684210524,0.3194736842105263,0.37105263157894736,0.4226315789473684,0.47421052631578947,0.5257894736842105,0.5773684210526315,0.6289473684210526,0.6805263157894736,0.7321052631578947,0.7836842105263158,0.8352631578947368,0.8868421052631579,0.9384210526315789,0.99],"y":[-0.09930562493060069,-0.0772377082793561,-0.055169791628111496,-0.033101874976866896,-0.011033958325622303,0.01103395832562229,0.033101874976866896,0.055169791628111475,0.07723770827935608,0.09930562493060069],"z":[[0.43980956066014476,0.8484168160319544,0.9232239084607976,0.9541736931649394,0.9707060310399763,0.9807576875713395,0.9873464374094915,0.9918662197727642,0.9950479760710406,0.997310011887617,0.998921279710396,0.9999352689470213,0.999999992563323,0.9999999986416511,0.9999999987626966,0.9999999987875103,0.9999999987983661,0.9999999988046051,0.9999999988086706,0.9999999988115374],[0.44005014414472826,0.8484563281454318,0.9232704557170817,0.9542175854438338,0.9707476443725317,0.9807984411615832,0.9873866382478389,0.9919055005925271,0.9950856540260076,0.9973448778906819,0.9989527477238866,0.9999448856739336,0.9999999935108262,0.9999999986493786,0.9999999987636548,0.9999999987878337,0.9999999987985233,0.9999999988046901,0.9999999988087148,0.9999999988115547],[0.4402684031162588,0.8484956903930643,0.9233177749083051,0.9542622189559476,0.9707899071658546,0.9808397628171858,0.9874273458865843,0.9919452412727221,0.9951237356941063,0.9973800570617569,0.998984416476507,0.9999534975002461,0.9999999942877978,0.9999999986565804,0.999999998764584,0.9999999987881527,0.9999999987986798,0.9999999988047754,0.9999999988087597,0.9999999988115728],[0.4404643401143101,0.8485348836590592,0.9233658549230696,0.9543075868898879,0.9708328152994373,0.980881650506338,0.98746855994297,0.9919854422086309,0.9951622204401445,0.9974155467458297,0.9990162732290468,0.9999611311442916,0.999999994928778,0.9999999986633,0.9999999987654856,0.9999999987884676,0.9999999987988356,0.999999998804861,0.9999999988088052,0.9999999988115916],[0.44063795715082826,0.8485738891116488,0.9234146848004042,0.9543536825241928,0.9708763647242346,0.9809241022697214,0.9875102801031993,0.9920261038256949,0.9952011075619082,0.9974513441979033,0.9990483036343542,0.9999678254559685,0.9999999954606926,0.9999999986695766,0.9999999987663607,0.9999999987887781,0.9999999987989907,0.9999999988049469,0.9999999988088513,0.9999999988116114],[0.440789255705504,0.8486126882067075,0.9234642537323322,0.9544004992294144,0.970920551464743,0.9809671162224953,0.9875525061235638,0.9920672265780872,0.9952403962857104,0.9974874465819202,0.9990804915514268,0.999973630432288,0.9999999959046363,0.9999999986754459,0.9999999987672105,0.9999999987890846,0.999999998799145,0.999999998805033,0.9999999988088981,0.999999998811632],[0.4409182367230889,0.8486512626911593,0.9235145510663098,0.9544480304701319,0.9709653716210446,0.9810106905562564,0.9875952378315045,0.992108810947123,0.995280085761828,0.9975238509694355,0.9991128188447876,0.9999786057309119,0.9999999962772188,0.9999999986809402,0.9999999987680359,0.9999999987893872,0.9999999987992987,0.9999999988051194,0.9999999988089455,0.9999999988116534],[0.4410249006126723,0.8486895946061929,0.923565566307545,0.9544962698068965,0.971010821370813,0.9810548235409677,0.9876384751266029,0.9921508574395026,0.9953201750598395,0.9975605543379422,0.9991452651695083,0.9999828187460109,0.9999999965915871,0.9999999986860895,0.999999998768838,0.9999999987896857,0.9999999987994516,0.9999999988052058,0.9999999988089935,0.9999999988116756],[0.44110924724893924,0.8487276662902856,0.9236172891211974,0.9545452108981127,0.9710568969712878,0.9810995135268608,0.987682217981501,0.9921933665853813,0.9953606631638705,0.9975975535687466,0.9991778077427201,0.9999863423535922,0.9999999968582018,0.9999999986909202,0.999999998769618,0.9999999987899804,0.9999999987996038,0.9999999988052926,0.9999999988090421,0.9999999988116987],[0.4411712759754219,0.8487654603820467,0.923669709334464,0.9545948475018572,0.9711035947612158,0.9811447589463094,0.9877264664427475,0.9922363389362622,0.9954015489677606,0.9976348454442633,0.9992104211030607,0.9999892524684983,0.9999999970854305,0.999999998695457,0.9999999987703765,0.9999999987902713,0.9999999987997552,0.9999999988053795,0.9999999988090912,0.9999999988117224]],"type":"surface","scene":"scene6"}],"layout":{"template":{"data":{"histogram2dcontour":[{"type":"histogram2dcontour","colorbar":{"outlinewidth":0,"ticks":""},"colorscale":[[0.0,"#0d0887"],[0.1111111111111111,"#46039f"],[0.2222222222222222,"#7201a8"],[0.3333333333333333,"#9c179e"],[0.4444444444444444,"#bd3786"],[0.5555555555555556,"#d8576b"],[0.6666666666666666,"#ed7953"],[0.7777777777777778,"#fb9f3a"],[0.8888888888888888,"#fdca26"],[1.0,"#f0f921"]]}],"choropleth":[{"type":"choropleth","colorbar":{"outlinewidth":0,"ticks":""}}],"histogram2d":[{"type":"histogram2d","colorbar":{"outlinewidth":0,"ticks":""},"colorscale":[[0.0,"#0d0887"],[0.1111111111111111,"#46039f"],[0.2222222222222222,"#7201a8"],[0.3333333333333333,"#9c179e"],[0.4444444444444444,"#bd3786"],[0.5555555555555556,"#d8576b"],[0.6666666666666666,"#ed7953"],[0.7777777777777778,"#fb9f3a"],[0.8888888888888888,"#fdca26"],[1.0,"#f0f921"]]}],"heatmap":[{"type":"heatmap","colorbar":{"outlinewidth":0,"ticks":""},"colorscale":[[0.0,"#0d0887"],[0.1111111111111111,"#46039f"],[0.2222222222222222,"#7201a8"],[0.3333333333333333,"#9c179e"],[0.4444444444444444,"#bd3786"],[0.5555555555555556,"#d8576b"],[0.6666666666666666,"#ed7953"],[0.7777777777777778,"#fb9f3a"],[0.8888888888888888,"#fdca26"],[1.0,"#f0f921"]]}],"heatmapgl":[{"type":"heatmapgl","colorbar":{"outlinewidth":0,"ticks":""},"colorscale":[[0.0,"#0d0887"],[0.1111111111111111,"#46039f"],[0.2222222222222222,"#7201a8"],[0.3333333333333333,"#9c179e"],[0.4444444444444444,"#bd3786"],[0.5555555555555556,"#d8576b"],[0.6666666666666666,"#ed7953"],[0.7777777777777778,"#fb9f3a"],[0.8888888888888888,"#fdca26"],[1.0,"#f0f921"]]}],"contourcarpet":[{"type":"contourcarpet","colorbar":{"outlinewidth":0,"ticks":""}}],"contour":[{"type":"contour","colorbar":{"outlinewidth":0,"ticks":""},"colorscale":[[0.0,"#0d0887"],[0.1111111111111111,"#46039f"],[0.2222222222222222,"#7201a8"],[0.3333333333333333,"#9c179e"],[0.4444444444444444,"#bd3786"],[0.5555555555555556,"#d8576b"],[0.6666666666666666,"#ed7953"],[0.7777777777777778,"#fb9f3a"],[0.8888888888888888,"#fdca26"],[1.0,"#f0f921"]]}],"surface":[{"type":"surface","colorbar":{"outlinewidth":0,"ticks":""},"colorscale":[[0.0,"#0d0887"],[0.1111111111111111,"#46039f"],[0.2222222222222222,"#7201a8"],[0.3333333333333333,"#9c179e"],[0.4444444444444444,"#bd3786"],[0.5555555555555556,"#d8576b"],[0.6666666666666666,"#ed7953"],[0.7777777777777778,"#fb9f3a"],[0.8888888888888888,"#fdca26"],[1.0,"#f0f921"]]}],"mesh3d":[{"type":"mesh3d","colorbar":{"outlinewidth":0,"ticks":""}}],"scatter":[{"fillpattern":{"fillmode":"overlay","size":10,"solidity":0.2},"type":"scatter"}],"parcoords":[{"type":"parcoords","line":{"colorbar":{"outlinewidth":0,"ticks":""}}}],"scatterpolargl":[{"type":"scatterpolargl","marker":{"colorbar":{"outlinewidth":0,"ticks":""}}}],"bar":[{"error_x":{"color":"#2a3f5f"},"error_y":{"color":"#2a3f5f"},"marker":{"line":{"color":"#E5ECF6","width":0.5},"pattern":{"fillmode":"overlay","size":10,"solidity":0.2}},"type":"bar"}],"scattergeo":[{"type":"scattergeo","marker":{"colorbar":{"outlinewidth":0,"ticks":""}}}],"scatterpolar":[{"type":"scatterpolar","marker":{"colorbar":{"outlinewidth":0,"ticks":""}}}],"histogram":[{"marker":{"pattern":{"fillmode":"overlay","size":10,"solidity":0.2}},"type":"histogram"}],"scattergl":[{"type":"scattergl","marker":{"colorbar":{"outlinewidth":0,"ticks":""}}}],"scatter3d":[{"type":"scatter3d","line":{"colorbar":{"outlinewidth":0,"ticks":""}},"marker":{"colorbar":{"outlinewidth":0,"ticks":""}}}],"scattermapbox":[{"type":"scattermapbox","marker":{"colorbar":{"outlinewidth":0,"ticks":""}}}],"scatterternary":[{"type":"scatterternary","marker":{"colorbar":{"outlinewidth":0,"ticks":""}}}],"scattercarpet":[{"type":"scattercarpet","marker":{"colorbar":{"outlinewidth":0,"ticks":""}}}],"carpet":[{"aaxis":{"endlinecolor":"#2a3f5f","gridcolor":"white","linecolor":"white","minorgridcolor":"white","startlinecolor":"#2a3f5f"},"baxis":{"endlinecolor":"#2a3f5f","gridcolor":"white","linecolor":"white","minorgridcolor":"white","startlinecolor":"#2a3f5f"},"type":"carpet"}],"table":[{"cells":{"fill":{"color":"#EBF0F8"},"line":{"color":"white"}},"header":{"fill":{"color":"#C8D4E3"},"line":{"color":"white"}},"type":"table"}],"barpolar":[{"marker":{"line":{"color":"#E5ECF6","width":0.5},"pattern":{"fillmode":"overlay","size":10,"solidity":0.2}},"type":"barpolar"}],"pie":[{"automargin":true,"type":"pie"}]},"layout":{"autotypenumbers":"strict","colorway":["#636efa","#EF553B","#00cc96","#ab63fa","#FFA15A","#19d3f3","#FF6692","#B6E880","#FF97FF","#FECB52"],"font":{"color":"#2a3f5f"},"hovermode":"closest","hoverlabel":{"align":"left"},"paper_bgcolor":"white","plot_bgcolor":"#E5ECF6","polar":{"bgcolor":"#E5ECF6","angularaxis":{"gridcolor":"white","linecolor":"white","ticks":""},"radialaxis":{"gridcolor":"white","linecolor":"white","ticks":""}},"ternary":{"bgcolor":"#E5ECF6","aaxis":{"gridcolor":"white","linecolor":"white","ticks":""},"baxis":{"gridcolor":"white","linecolor":"white","ticks":""},"caxis":{"gridcolor":"white","linecolor":"white","ticks":""}},"coloraxis":{"colorbar":{"outlinewidth":0,"ticks":""}},"colorscale":{"sequential":[[0.0,"#0d0887"],[0.1111111111111111,"#46039f"],[0.2222222222222222,"#7201a8"],[0.3333333333333333,"#9c179e"],[0.4444444444444444,"#bd3786"],[0.5555555555555556,"#d8576b"],[0.6666666666666666,"#ed7953"],[0.7777777777777778,"#fb9f3a"],[0.8888888888888888,"#fdca26"],[1.0,"#f0f921"]],"sequentialminus":[[0.0,"#0d0887"],[0.1111111111111111,"#46039f"],[0.2222222222222222,"#7201a8"],[0.3333333333333333,"#9c179e"],[0.4444444444444444,"#bd3786"],[0.5555555555555556,"#d8576b"],[0.6666666666666666,"#ed7953"],[0.7777777777777778,"#fb9f3a"],[0.8888888888888888,"#fdca26"],[1.0,"#f0f921"]],"diverging":[[0,"#8e0152"],[0.1,"#c51b7d"],[0.2,"#de77ae"],[0.3,"#f1b6da"],[0.4,"#fde0ef"],[0.5,"#f7f7f7"],[0.6,"#e6f5d0"],[0.7,"#b8e186"],[0.8,"#7fbc41"],[0.9,"#4d9221"],[1,"#276419"]]},"xaxis":{"gridcolor":"white","linecolor":"white","ticks":"","title":{"standoff":15},"zerolinecolor":"white","automargin":true,"zerolinewidth":2},"yaxis":{"gridcolor":"white","linecolor":"white","ticks":"","title":{"standoff":15},"zerolinecolor":"white","automargin":true,"zerolinewidth":2},"scene":{"xaxis":{"backgroundcolor":"#E5ECF6","gridcolor":"white","linecolor":"white","showbackground":true,"ticks":"","zerolinecolor":"white","gridwidth":2},"yaxis":{"backgroundcolor":"#E5ECF6","gridcolor":"white","linecolor":"white","showbackground":true,"ticks":"","zerolinecolor":"white","gridwidth":2},"zaxis":{"backgroundcolor":"#E5ECF6","gridcolor":"white","linecolor":"white","showbackground":true,"ticks":"","zerolinecolor":"white","gridwidth":2}},"shapedefaults":{"line":{"color":"#2a3f5f"}},"annotationdefaults":{"arrowcolor":"#2a3f5f","arrowhead":0,"arrowwidth":1},"geo":{"bgcolor":"white","landcolor":"#E5ECF6","subunitcolor":"white","showland":true,"showlakes":true,"lakecolor":"white"},"title":{"x":0.05},"mapbox":{"style":"light"}}},"scene":{"domain":{"x":[0.0,0.125],"y":[0.0,1.0]},"zaxis":{"title":{"text":"kappa"},"nticks":4,"range":[-0.0001,1.08454284720085],"tickformat":".4f"},"xaxis":{"title":{"text":"V"}},"yaxis":{"title":{"text":"Vtilde"}}},"scene2":{"domain":{"x":[0.175,0.3],"y":[0.0,1.0]},"zaxis":{"title":{"text":"kappa"},"nticks":4,"range":[-0.0001,1.08454284720085],"tickformat":".4f"},"xaxis":{"title":{"text":"Z"}},"yaxis":{"title":{"text":"Vtilde"}}},"scene3":{"domain":{"x":[0.35,0.475],"y":[0.0,1.0]},"zaxis":{"title":{"text":"kappa"},"nticks":4,"range":[-0.0001,1.08454284720085],"tickformat":".4f"},"xaxis":{"title":{"text":"Z"}},"yaxis":{"title":{"text":"V"}}},"scene4":{"domain":{"x":[0.525,0.65],"y":[0.0,1.0]},"zaxis":{"title":{"text":"kappa"},"nticks":4,"range":[-0.0001,1.08454284720085],"tickformat":".4f"},"xaxis":{"title":{"text":"W"}},"yaxis":{"title":{"text":"Vtilde"}}},"scene5":{"domain":{"x":[0.7,0.825],"y":[0.0,1.0]},"zaxis":{"title":{"text":"kappa"},"nticks":4,"range":[-0.0001,1.08454284720085],"tickformat":".4f"},"xaxis":{"title":{"text":"W"}},"yaxis":{"title":{"text":"V"}}},"scene6":{"domain":{"x":[0.875,1.0],"y":[0.0,1.0]},"zaxis":{"title":{"text":"kappa"},"nticks":4,"range":[-0.0001,1.08454284720085],"tickformat":".4f"},"xaxis":{"title":{"text":"W"}},"yaxis":{"title":{"text":"Z"}}},"annotations":[{"font":{"size":16},"showarrow":false,"text":"W fixed at 0.7321, Z fixed at -0.0110<br> MFR Suite Not Solved.","x":0.0625,"xanchor":"center","xref":"paper","y":1.0,"yanchor":"bottom","yref":"paper"},{"font":{"size":16},"showarrow":false,"text":"W fixed at 0.7321, V fixed at 0.9696<br> MFR Suite Not Solved.","x":0.2375,"xanchor":"center","xref":"paper","y":1.0,"yanchor":"bottom","yref":"paper"},{"font":{"size":16},"showarrow":false,"text":"W fixed at 0.7321, Vtilde fixed at 0.5782<br> MFR Suite Not Solved.","x":0.4125,"xanchor":"center","xref":"paper","y":1.0,"yanchor":"bottom","yref":"paper"},{"font":{"size":16},"showarrow":false,"text":"Z fixed at -0.0110, V fixed at 0.9696<br> MFR Suite Not Solved.","x":0.5875,"xanchor":"center","xref":"paper","y":1.0,"yanchor":"bottom","yref":"paper"},{"font":{"size":16},"showarrow":false,"text":"Z fixed at -0.0110, Vtilde fixed at 0.5782<br> MFR Suite Not Solved.","x":0.7625,"xanchor":"center","xref":"paper","y":1.0,"yanchor":"bottom","yref":"paper"},{"font":{"size":16},"showarrow":false,"text":"V fixed at 0.9696, Vtilde fixed at 0.5782<br> MFR Suite Not Solved.","x":0.9375,"xanchor":"center","xref":"paper","y":1.0,"yanchor":"bottom","yref":"paper"}],"title":{"text":"MRF vs NN - Kappa Policy Function<br><span style=\"font-size: 12px;\"> chiUnderline = 0.2, a_e = 0.15, a_h = 0.1, gamma_e = 1.0, gamma_h = 3.0, psi_e = 1.5, psi_h = 1.5</span>","x":0.5,"y":0.97,"yanchor":"top"},"height":700,"width":3500,"margin":{"t":150}}}