{"data":[{"colorscale":[[0.0,"#0d0887"],[0.1111111111111111,"#46039f"],[0.2222222222222222,"#7201a8"],[0.3333333333333333,"#9c179e"],[0.4444444444444444,"#bd3786"],[0.5555555555555556,"#d8576b"],[0.6666666666666666,"#ed7953"],[0.7777777777777778,"#fb9f3a"],[0.8888888888888888,"#fdca26"],[1.0,"#f0f921"]],"name":"NN","showlegend":true,"showscale":false,"x":[0.24240772690723,0.48480545381446,0.72720318072169,0.96960090762892,1.21199863453615,1.45439636144338,1.69679408835061,1.93919181525784],"y":[0.144560514746047,0.289111029492094,0.433661544238141,0.5782120589841879,0.7227625737302349,0.867313088476282,1.011863603222329,1.156414117968376],"z":[[0.9999999998357992,0.9999999998366186,0.9999999998374329,0.9999999998382415,0.9999999998390436,0.9999999998398386,0.9999999998406255,0.9999999998414039],[0.9999999998643451,0.9999999998646084,0.9999999998648662,0.9999999998651188,0.9999999998653663,0.9999999998656087,0.9999999998658462,0.9999999998660786],[0.9999999998641841,0.9999999998640212,0.9999999998638763,0.999999999863749,0.9999999998636386,0.9999999998635446,0.999999999863466,0.9999999998634019],[0.9999999998422234,0.9999999998417926,0.9999999998414032,0.9999999998410541,0.9999999998407437,0.9999999998404704,0.9999999998402322,0.9999999998400274],[0.9999999998257769,0.9999999998260934,0.999999999826278,0.9999999998263512,0.9999999998263317,0.9999999998262354,0.9999999998260766,0.9999999998258673],[0.9999999793749086,0.9999999843593927,0.9999999879196277,0.9999999905167575,0.9999999924460268,0.9999999939019331,0.9999999950159452,0.9999999958789653],[0.9988268450348194,0.9988757122457167,0.9989240698756162,0.9989718761122094,0.9990190937614252,0.9990656891944742,0.9991116310713354,0.999156888868178],[0.9971588243989247,0.9972020298516984,0.9972446510825018,0.9972866000455757,0.9973277946739133,0.9973681589262533,0.9974076227784967,0.9974461221654505]],"type":"surface","scene":"scene"},{"colorscale":[[0.0,"#0d0887"],[0.1111111111111111,"#46039f"],[0.2222222222222222,"#7201a8"],[0.3333333333333333,"#9c179e"],[0.4444444444444444,"#bd3786"],[0.5555555555555556,"#d8576b"],[0.6666666666666666,"#ed7953"],[0.7777777777777778,"#fb9f3a"],[0.8888888888888888,"#fdca26"],[1.0,"#f0f921"]],"name":"NN","showlegend":true,"showscale":false,"x":[-0.0772377082793561,-0.055169791628111496,-0.033101874976866896,-0.011033958325622303,0.01103395832562229,0.033101874976866896,0.055169791628111475,0.07723770827935608],"y":[0.144560514746047,0.289111029492094,0.433661544238141,0.5782120589841879,0.7227625737302349,0.867313088476282,1.011863603222329,1.156414117968376],"z":[[0.9999999998377097,0.9999999998378861,0.9999999998380634,0.9999999998382415,0.9999999998384205,0.9999999998386001,0.9999999998387802,0.9999999998389609],[0.9999999998651513,0.9999999998651412,0.9999999998651303,0.9999999998651188,0.9999999998651066,0.9999999998650937,0.99999999986508,0.9999999998650657],[0.9999999998639644,0.9999999998638917,0.9999999998638199,0.999999999863749,0.999999999863679,0.9999999998636099,0.9999999998635416,0.9999999998634741],[0.9999999998413398,0.9999999998412414,0.9999999998411462,0.9999999998410541,0.9999999998409651,0.9999999998408791,0.9999999998407961,0.999999999840716],[0.9999999998253871,0.9999999998257711,0.9999999998260909,0.9999999998263512,0.9999999998265569,0.9999999998267118,0.9999999998268204,0.9999999998268864],[0.9999999828622601,0.9999999860451305,0.9999999885402184,0.9999999905167575,0.9999999920971158,0.9999999933711479,0.9999999944057968,0.9999999952516075],[0.9988488114412594,0.9988894493326332,0.998930465115518,0.9989718761122094,0.9990137012747122,0.9990559606741728,0.999098674681328,0.9991418627342363],[0.9971774242880294,0.9972135195423206,0.9972499120904198,0.9972866000455757,0.9973235814108937,0.9973608540726246,0.9973984157937282,0.997436264207845]],"type":"surface","scene":"scene2"},{"colorscale":[[0.0,"#0d0887"],[0.1111111111111111,"#46039f"],[0.2222222222222222,"#7201a8"],[0.3333333333333333,"#9c179e"],[0.4444444444444444,"#bd3786"],[0.5555555555555556,"#d8576b"],[0.6666666666666666,"#ed7953"],[0.7777777777777778,"#fb9f3a"],[0.8888888888888888,"#fdca26"],[1.0,"#f0f921"]],"name":"NN","showlegend":true,"showscale":false,"x":[-0.0772377082793561,-0.055169791628111496,-0.033101874976866896,-0.011033958325622303,0.01103395832562229,0.033101874976866896,0.055169791628111475,0.07723770827935608],"y":[0.24240772690723,0.48480545381446,0.72720318072169,0.96960090762892,1.21199863453615,1.45439636144338,1.69679408835061,1.93919181525784],"z":[[0.9999999998424942,0.9999999998424006,0.9999999998423105,0.9999999998422234,0.9999999998421396,0.9999999998420589,0.9999999998419813,0.9999999998419067],[0.9999999998420682,0.9999999998419731,0.9999999998418813,0.9999999998417926,0.9999999998417071,0.9999999998416246,0.9999999998415452,0.9999999998414688],[0.9999999998416839,0.999999999841587,0.9999999998414936,0.9999999998414032,0.9999999998413159,0.9999999998412318,0.9999999998411506,0.9999999998410724],[0.9999999998413398,0.9999999998412414,0.9999999998411462,0.9999999998410541,0.9999999998409651,0.9999999998408791,0.9999999998407961,0.999999999840716],[0.9999999998410345,0.9999999998409345,0.9999999998408375,0.9999999998407437,0.9999999998406529,0.9999999998405651,0.9999999998404803,0.9999999998403982],[0.9999999998407664,0.9999999998406647,0.999999999840566,0.9999999998404704,0.9999999998403778,0.9999999998402881,0.9999999998402014,0.9999999998401174],[0.9999999998405334,0.99999999984043,0.9999999998403296,0.9999999998402322,0.9999999998401379,0.9999999998400463,0.9999999998399576,0.9999999998398716],[0.9999999998403337,0.9999999998402286,0.9999999998401266,0.9999999998400274,0.9999999998399312,0.9999999998398377,0.9999999998397471,0.9999999998396591]],"type":"surface","scene":"scene3"},{"colorscale":[[0.0,"#0d0887"],[0.1111111111111111,"#46039f"],[0.2222222222222222,"#7201a8"],[0.3333333333333333,"#9c179e"],[0.4444444444444444,"#bd3786"],[0.5555555555555556,"#d8576b"],[0.6666666666666666,"#ed7953"],[0.7777777777777778,"#fb9f3a"],[0.8888888888888888,"#fdca26"],[1.0,"#f0f921"]],"name":"NN","showlegend":true,"showscale":false,"x":[0.06157894736842105,0.1131578947368421,0.16473684210526315,0.2163157894736842,0.26789473684210524,0.3194736842105263,0.37105263157894736,0.4226315789473684,0.47421052631578947,0.5257894736842105,0.5773684210526315,0.6289473684210526,0.6805263157894736,0.7321052631578947,0.7836842105263158,0.8352631578947368,0.8868421052631579,0.9384210526315789],"y":[0.144560514746047,0.289111029492094,0.433661544238141,0.5782120589841879,0.7227625737302349,0.867313088476282,1.011863603222329,1.156414117968376],"z":[[0.9689086852091245,0.9999999981349612,0.9999999995281932,0.9999999997122895,0.9999999997888063,0.9999999998207143,0.9999999998333556,0.9999999998376644,0.9999999998382415,0.9999999998371238,0.9999999998352654,0.999999999833132,0.999999999830956,0.999999999828854,0.9999999998268824,0.999999999825066,0.9999999998234123,0.9999999998219186],[0.9011684295773537,0.9769841299574065,0.9999999263255854,0.9999999996727692,0.9999999997716145,0.9999999998218511,0.9999999998478257,0.9999999998600433,0.9999999998651188,0.9999999998664486,0.9999999998657333,0.9999999998638656,0.9999999998613414,0.9999999998584495,0.9999999998553651,0.9999999998522002,0.9999999998490308,0.9999999998459111],[0.8780737921114508,0.9534016811244921,0.9834174350489098,0.9987347531908353,0.9999999994779772,0.9999999997892502,0.9999999998238147,0.9999999998486708,0.999999999863749,0.9999999998721416,0.9999999998764905,0.999999999878418,0.9999999998788514,0.9999999998783236,0.9999999998771492,0.9999999998755171,0.999999999873542,0.9999999998712946],[0.8663828765728793,0.941476663289148,0.9718175608505002,0.9875638555761321,0.9966911369495551,0.9999999859228164,0.9999999997856716,0.9999999998231598,0.9999999998410541,0.9999999998567392,0.999999999867855,0.9999999998750619,0.9999999998795022,0.9999999998820897,0.9999999998834443,0.9999999998839666,0.9999999998839121,0.999999999883443],[0.8593853394353318,0.9343138660748685,0.9648206678390518,0.9808553172645975,0.990356239024666,0.9963525290248075,0.9999696030017573,0.9999999994209982,0.9999999998263512,0.9999999998372998,0.9999999998475109,0.9999999998585297,0.9999999998676677,0.9999999998744388,0.9999999998791584,0.9999999998823104,0.9999999998843256,0.999999999885533],[0.8547194145509706,0.929514590924899,0.9601587487720712,0.9763819881898248,0.9861153628575545,0.9923594628100983,0.9965275344160939,0.9993389132832842,0.9999999905167575,0.9999999997468259,0.9999999998403462,0.9999999998443567,0.9999999998498271,0.9999999998577308,0.9999999998655448,0.9999999998721326,0.999999999877225,0.9999999998809497],[0.8513682553208705,0.9260615168436644,0.9568094910545013,0.9731879663611325,0.9830884668994112,0.9895188222603791,0.9938673521235358,0.9968833456301227,0.9989718761122094,0.9999988760234492,0.9999999988906587,0.9999999998004537,0.9999999998469934,0.9999999998485604,0.9999999998505851,0.9999999998558546,0.9999999998624327,0.9999999998688276],[0.8488418076583839,0.9234757092788247,0.9542927653411749,0.9707842999679626,0.980814087917626,0.987382687853635,0.991882991795951,0.9950390544478938,0.9972866000455757,0.9988741876598994,0.9999323145681043,0.9999999888533547,0.9999999994753812,0.9999999998132068,0.9999999998499071,0.999999999851569,0.9999999998510924,0.9999999998537916]],"type":"surface","scene":"scene4"},{"colorscale":[[0.0,"#0d0887"],[0.1111111111111111,"#46039f"],[0.2222222222222222,"#7201a8"],[0.3333333333333333,"#9c179e"],[0.4444444444444444,"#bd3786"],[0.5555555555555556,"#d8576b"],[0.6666666666666666,"#ed7953"],[0.7777777777777778,"#fb9f3a"],[0.8888888888888888,"#fdca26"],[1.0,"#f0f921"]],"name":"NN","showlegend":true,"showscale":false,"x":[0.06157894736842105,0.1131578947368421,0.16473684210526315,0.2163157894736842,0.26789473684210524,0.3194736842105263,0.37105263157894736,0.4226315789473684,0.47421052631578947,0.5257894736842105,0.5773684210526315,0.6289473684210526,0.6805263157894736,0.7321052631578947,0.7836842105263158,0.8352631578947368,0.8868421052631579,0.9384210526315789],"y":[0.24240772690723,0.48480545381446,0.72720318072169,0.96960090762892,1.21199863453615,1.45439636144338,1.69679408835061,1.93919181525784],"z":[[0.8663437600290609,0.941331956402151,0.9716369783632337,0.9873726298596388,0.9964744256481812,0.9999999754031587,0.9999999997803031,0.9999999998253816,0.9999999998422234,0.9999999998573206,0.9999999998681531,0.9999999998752239,0.9999999998795852,0.9999999998821077,0.9999999998833928,0.999999999883834,0.9999999998836853,0.999999999883109],[0.8663627014100014,0.9413791567076674,0.9716963239925143,0.9874360028155216,0.9965467993228654,0.9999999797370497,0.9999999997823736,0.9999999998245933,0.9999999998417926,0.9999999998570981,0.9999999998680348,0.9999999998751578,0.9999999998795501,0.9999999998820979,0.9999999998834088,0.9999999998838794,0.9999999998837644,0.9999999998832261],[0.8663758436802025,0.9414276501156694,0.9717566921971824,0.9874998450198277,0.9966190862982988,0.9999999831744603,0.9999999997841523,0.9999999998238527,0.9999999998414032,0.9999999998569046,0.9999999998679356,0.9999999998751039,0.9999999998795226,0.9999999998820919,0.999999999883426,0.9999999998839236,0.9999999998838399,0.9999999998833373],[0.8663828765728793,0.941476663289148,0.9718175608505002,0.9875638555761321,0.9966911369495551,0.9999999859228164,0.9999999997856716,0.9999999998231598,0.9999999998410541,0.9999999998567392,0.999999999867855,0.9999999998750619,0.9999999998795022,0.9999999998820897,0.9999999998834443,0.9999999998839666,0.9999999998839121,0.999999999883443],[0.8663832775225272,0.941525402707764,0.9718784129186576,0.9876277399784956,0.996762807256565,0.999999988136189,0.9999999997869605,0.9999999998225141,0.9999999998407437,0.9999999998566004,0.999999999867792,0.9999999998750311,0.9999999998794885,0.9999999998820912,0.9999999998834639,0.9999999998840085,0.999999999883981,0.9999999998835435],[0.866376339434745,0.9415730612056762,0.9719387388302184,0.98769121131763,0.9968339594076981,0.9999999899305262,0.9999999997880458,0.9999999998219145,0.9999999998404704,0.999999999856487,0.9999999998677456,0.9999999998750109,0.9999999998794815,0.9999999998820962,0.9999999998834844,0.9999999998840493,0.999999999884047,0.9999999998836392],[0.86636119686491,0.9416188241139153,0.971998038628654,0.987753991325693,0.9969044622693877,0.999999991394101,0.9999999997889509,0.9999999998213598,0.9999999998402322,0.9999999998563978,0.9999999998677148,0.9999999998750007,0.9999999998794805,0.9999999998821046,0.9999999998835061,0.9999999998840893,0.9999999998841103,0.9999999998837302],[0.8663368506248647,0.9416618749850262,0.972055823906764,0.9878158112660482,0.9969741917260778,0.9999999925947959,0.9999999997896974,0.9999999998208484,0.9999999998400274,0.999999999856331,0.9999999998676987,0.9999999998749998,0.9999999998794853,0.9999999998821161,0.9999999998835287,0.9999999998841285,0.9999999998841709,0.999999999883817]],"type":"surface","scene":"scene5"},{"colorscale":[[0.0,"#0d0887"],[0.1111111111111111,"#46039f"],[0.2222222222222222,"#7201a8"],[0.3333333333333333,"#9c179e"],[0.4444444444444444,"#bd3786"],[0.5555555555555556,"#d8576b"],[0.6666666666666666,"#ed7953"],[0.7777777777777778,"#fb9f3a"],[0.8888888888888888,"#fdca26"],[1.0,"#f0f921"]],"name":"NN","showlegend":true,"showscale":false,"x":[0.06157894736842105,0.1131578947368421,0.16473684210526315,0.2163157894736842,0.26789473684210524,0.3194736842105263,0.37105263157894736,0.4226315789473684,0.47421052631578947,0.5257894736842105,0.5773684210526315,0.6289473684210526,0.6805263157894736,0.7321052631578947,0.7836842105263158,0.8352631578947368,0.8868421052631579,0.9384210526315789],"y":[-0.0772377082793561,-0.055169791628111496,-0.033101874976866896,-0.011033958325622303,0.01103395832562229,0.033101874976866896,0.055169791628111475,0.07723770827935608],"z":[[0.8661348400615375,0.9411897880230782,0.971528923142287,0.9872827286337476,0.9964154063351535,0.99999997492374,0.9999999997798028,0.9999999998239457,0.9999999998413398,0.9999999998568311,0.9999999998678974,0.9999999998751024,0.9999999998795512,0.9999999998821447,0.999999999883498,0.9999999998840092,0.9999999998839332,0.9999999998834318],[0.8662157007116174,0.9412843310375029,0.9716241785529283,0.9873754780587816,0.9965064177967944,0.9999999794495188,0.9999999997819579,0.9999999998236813,0.9999999998412414,0.9999999998567987,0.9999999998678825,0.9999999998750885,0.9999999998795347,0.9999999998821265,0.9999999998834803,0.9999999998839952,0.9999999998839265,0.999999999883436],[0.8662984004819354,0.9413799641193421,0.9717203960416771,0.9874691897887702,0.9965983244478148,0.9999999830440942,0.9999999997839092,0.9999999998234192,0.9999999998411462,0.999999999856768,0.9999999998678683,0.999999999875075,0.9999999998795184,0.9999999998821081,0.9999999998834624,0.999999999883981,0.9999999998839195,0.9999999998834398],[0.8663828765728793,0.941476663289148,0.9718175608505002,0.9875638555761321,0.9966911369495551,0.9999999859228164,0.9999999997856716,0.9999999998231598,0.9999999998410541,0.9999999998567392,0.999999999867855,0.9999999998750619,0.9999999998795022,0.9999999998820897,0.9999999998834443,0.9999999998839666,0.9999999998839121,0.999999999883443],[0.866469066196612,0.9415744046453615,0.9719156582454953,0.9876594672361854,0.9967848710643188,0.9999999882449344,0.9999999997872586,0.9999999998229032,0.9999999998409651,0.9999999998567118,0.9999999998678425,0.9999999998750491,0.999999999879486,0.9999999998820712,0.9999999998834261,0.9999999998839518,0.9999999998839042,0.9999999998834458],[0.8665569066037028,0.9416731643701118,0.9720146735189668,0.9877560166423489,0.9968795484354642,0.9999999901299925,0.9999999997886831,0.9999999998226498,0.9999999998408791,0.9999999998566862,0.9999999998678308,0.9999999998750366,0.9999999998794699,0.9999999998820526,0.9999999998834077,0.9999999998839368,0.9999999998838961,0.9999999998834479],[0.8666463351093402,0.9417729187347996,0.9721145919915175,0.9878534957204351,0.9969751974035522,0.9999999916689484,0.9999999997899571,0.9999999998223994,0.9999999998407961,0.9999999998566621,0.9999999998678198,0.9999999998750245,0.9999999998794538,0.999999999882034,0.9999999998833892,0.9999999998839215,0.9999999998838875,0.9999999998834497],[0.8667372891191113,0.9418736441054616,0.9722153990141627,0.9879518964419823,0.9970718538308522,0.9999999929318357,0.9999999997910916,0.9999999998221524,0.999999999840716,0.9999999998566396,0.9999999998678096,0.9999999998750126,0.9999999998794378,0.9999999998820153,0.9999999998833704,0.999999999883906,0.9999999998838786,0.9999999998834509]],"type":"surface","scene":"scene6"}],"layout":{"template":{"data":{"histogram2dcontour":[{"type":"histogram2dcontour","colorbar":{"outlinewidth":0,"ticks":""},"colorscale":[[0.0,"#0d0887"],[0.1111111111111111,"#46039f"],[0.2222222222222222,"#7201a8"],[0.3333333333333333,"#9c179e"],[0.4444444444444444,"#bd3786"],[0.5555555555555556,"#d8576b"],[0.6666666666666666,"#ed7953"],[0.7777777777777778,"#fb9f3a"],[0.8888888888888888,"#fdca26"],[1.0,"#f0f921"]]}],"choropleth":[{"type":"choropleth","colorbar":{"outlinewidth":0,"ticks":""}}],"histogram2d":[{"type":"histogram2d","colorbar":{"outlinewidth":0,"ticks":""},"colorscale":[[0.0,"#0d0887"],[0.1111111111111111,"#46039f"],[0.2222222222222222,"#7201a8"],[0.3333333333333333,"#9c179e"],[0.4444444444444444,"#bd3786"],[0.5555555555555556,"#d8576b"],[0.6666666666666666,"#ed7953"],[0.7777777777777778,"#fb9f3a"],[0.8888888888888888,"#fdca26"],[1.0,"#f0f921"]]}],"heatmap":[{"type":"heatmap","colorbar":{"outlinewidth":0,"ticks":""},"colorscale":[[0.0,"#0d0887"],[0.1111111111111111,"#46039f"],[0.2222222222222222,"#7201a8"],[0.3333333333333333,"#9c179e"],[0.4444444444444444,"#bd3786"],[0.5555555555555556,"#d8576b"],[0.6666666666666666,"#ed7953"],[0.7777777777777778,"#fb9f3a"],[0.8888888888888888,"#fdca26"],[1.0,"#f0f921"]]}],"heatmapgl":[{"type":"heatmapgl","colorbar":{"outlinewidth":0,"ticks":""},"colorscale":[[0.0,"#0d0887"],[0.1111111111111111,"#46039f"],[0.2222222222222222,"#7201a8"],[0.3333333333333333,"#9c179e"],[0.4444444444444444,"#bd3786"],[0.5555555555555556,"#d8576b"],[0.6666666666666666,"#ed7953"],[0.7777777777777778,"#fb9f3a"],[0.8888888888888888,"#fdca26"],[1.0,"#f0f921"]]}],"contourcarpet":[{"type":"contourcarpet","colorbar":{"outlinewidth":0,"ticks":""}}],"contour":[{"type":"contour","colorbar":{"outlinewidth":0,"ticks":""},"colorscale":[[0.0,"#0d0887"],[0.1111111111111111,"#46039f"],[0.2222222222222222,"#7201a8"],[0.3333333333333333,"#9c179e"],[0.4444444444444444,"#bd3786"],[0.5555555555555556,"#d8576b"],[0.6666666666666666,"#ed7953"],[0.7777777777777778,"#fb9f3a"],[0.8888888888888888,"#fdca26"],[1.0,"#f0f921"]]}],"surface":[{"type":"surface","colorbar":{"outlinewidth":0,"ticks":""},"colorscale":[[0.0,"#0d0887"],[0.1111111111111111,"#46039f"],[0.2222222222222222,"#7201a8"],[0.3333333333333333,"#9c179e"],[0.4444444444444444,"#bd3786"],[0.5555555555555556,"#d8576b"],[0.6666666666666666,"#ed7953"],[0.7777777777777778,"#fb9f3a"],[0.8888888888888888,"#fdca26"],[1.0,"#f0f921"]]}],"mesh3d":[{"type":"mesh3d","colorbar":{"outlinewidth":0,"ticks":""}}],"scatter":[{"fillpattern":{"fillmode":"overlay","size":10,"solidity":0.2},"type":"scatter"}],"parcoords":[{"type":"parcoords","line":{"colorbar":{"outlinewidth":0,"ticks":""}}}],"scatterpolargl":[{"type":"scatterpolargl","marker":{"colorbar":{"outlinewidth":0,"ticks":""}}}],"bar":[{"error_x":{"color":"#2a3f5f"},"error_y":{"color":"#2a3f5f"},"marker":{"line":{"color":"#E5ECF6","width":0.5},"pattern":{"fillmode":"overlay","size":10,"solidity":0.2}},"type":"bar"}],"scattergeo":[{"type":"scattergeo","marker":{"colorbar":{"outlinewidth":0,"ticks":""}}}],"scatterpolar":[{"type":"scatterpolar","marker":{"colorbar":{"outlinewidth":0,"ticks":""}}}],"histogram":[{"marker":{"pattern":{"fillmode":"overlay","size":10,"solidity":0.2}},"type":"histogram"}],"scattergl":[{"type":"scattergl","marker":{"colorbar":{"outlinewidth":0,"ticks":""}}}],"scatter3d":[{"type":"scatter3d","line":{"colorbar":{"outlinewidth":0,"ticks":""}},"marker":{"colorbar":{"outlinewidth":0,"ticks":""}}}],"scattermapbox":[{"type":"scattermapbox","marker":{"colorbar":{"outlinewidth":0,"ticks":""}}}],"scatterternary":[{"type":"scatterternary","marker":{"colorbar":{"outlinewidth":0,"ticks":""}}}],"scattercarpet":[{"type":"scattercarpet","marker":{"colorbar":{"outlinewidth":0,"ticks":""}}}],"carpet":[{"aaxis":{"endlinecolor":"#2a3f5f","gridcolor":"white","linecolor":"white","minorgridcolor":"white","startlinecolor":"#2a3f5f"},"baxis":{"endlinecolor":"#2a3f5f","gridcolor":"white","linecolor":"white","minorgridcolor":"white","startlinecolor":"#2a3f5f"},"type":"carpet"}],"table":[{"cells":{"fill":{"color":"#EBF0F8"},"line":{"color":"white"}},"header":{"fill":{"color":"#C8D4E3"},"line":{"color":"white"}},"type":"table"}],"barpolar":[{"marker":{"line":{"color":"#E5ECF6","width":0.5},"pattern":{"fillmode":"overlay","size":10,"solidity":0.2}},"type":"barpolar"}],"pie":[{"automargin":true,"type":"pie"}]},"layout":{"autotypenumbers":"strict","colorway":["#636efa","#EF553B","#00cc96","#ab63fa","#FFA15A","#19d3f3","#FF6692","#B6E880","#FF97FF","#FECB52"],"font":{"color":"#2a3f5f"},"hovermode":"closest","hoverlabel":{"align":"left"},"paper_bgcolor":"white","plot_bgcolor":"#E5ECF6","polar":{"bgcolor":"#E5ECF6","angularaxis":{"gridcolor":"white","linecolor":"white","ticks":""},"radialaxis":{"gridcolor":"white","linecolor":"white","ticks":""}},"ternary":{"bgcolor":"#E5ECF6","aaxis":{"gridcolor":"white","linecolor":"white","ticks":""},"baxis":{"gridcolor":"white","linecolor":"white","ticks":""},"caxis":{"gridcolor":"white","linecolor":"white","ticks":""}},"coloraxis":{"colorbar":{"outlinewidth":0,"ticks":""}},"colorscale":{"sequential":[[0.0,"#0d0887"],[0.1111111111111111,"#46039f"],[0.2222222222222222,"#7201a8"],[0.3333333333333333,"#9c179e"],[0.4444444444444444,"#bd3786"],[0.5555555555555556,"#d8576b"],[0.6666666666666666,"#ed7953"],[0.7777777777777778,"#fb9f3a"],[0.8888888888888888,"#fdca26"],[1.0,"#f0f921"]],"sequentialminus":[[0.0,"#0d0887"],[0.1111111111111111,"#46039f"],[0.2222222222222222,"#7201a8"],[0.3333333333333333,"#9c179e"],[0.4444444444444444,"#bd3786"],[0.5555555555555556,"#d8576b"],[0.6666666666666666,"#ed7953"],[0.7777777777777778,"#fb9f3a"],[0.8888888888888888,"#fdca26"],[1.0,"#f0f921"]],"diverging":[[0,"#8e0152"],[0.1,"#c51b7d"],[0.2,"#de77ae"],[0.3,"#f1b6da"],[0.4,"#fde0ef"],[0.5,"#f7f7f7"],[0.6,"#e6f5d0"],[0.7,"#b8e186"],[0.8,"#7fbc41"],[0.9,"#4d9221"],[1,"#276419"]]},"xaxis":{"gridcolor":"white","linecolor":"white","ticks":"","title":{"standoff":15},"zerolinecolor":"white","automargin":true,"zerolinewidth":2},"yaxis":{"gridcolor":"white","linecolor":"white","ticks":"","title":{"standoff":15},"zerolinecolor":"white","automargin":true,"zerolinewidth":2},"scene":{"xaxis":{"backgroundcolor":"#E5ECF6","gridcolor":"white","linecolor":"white","showbackground":true,"ticks":"","zerolinecolor":"white","gridwidth":2},"yaxis":{"backgroundcolor":"#E5ECF6","gridcolor":"white","linecolor":"white","showbackground":true,"ticks":"","zerolinecolor":"white","gridwidth":2},"zaxis":{"backgroundcolor":"#E5ECF6","gridcolor":"white","linecolor":"white","showbackground":true,"ticks":"","zerolinecolor":"white","gridwidth":2}},"shapedefaults":{"line":{"color":"#2a3f5f"}},"annotationdefaults":{"arrowcolor":"#2a3f5f","arrowhead":0,"arrowwidth":1},"geo":{"bgcolor":"white","landcolor":"#E5ECF6","subunitcolor":"white","showland":true,"showlakes":true,"lakecolor":"white"},"title":{"x":0.05},"mapbox":{"style":"light"}}},"scene":{"domain":{"x":[0.0,0.125],"y":[0.0,1.0]},"zaxis":{"title":{"text":"kappa"},"nticks":4,"range":[-0.0001,1.0226737287196053],"tickformat":".4f"},"xaxis":{"title":{"text":"V"}},"yaxis":{"title":{"text":"Vtilde"}}},"scene2":{"domain":{"x":[0.175,0.3],"y":[0.0,1.0]},"zaxis":{"title":{"text":"kappa"},"nticks":4,"range":[-0.0001,1.0226737287196053],"tickformat":".4f"},"xaxis":{"title":{"text":"Z"}},"yaxis":{"title":{"text":"Vtilde"}}},"scene3":{"domain":{"x":[0.35,0.475],"y":[0.0,1.0]},"zaxis":{"title":{"text":"kappa"},"nticks":4,"range":[-0.0001,1.0226737287196053],"tickformat":".4f"},"xaxis":{"title":{"text":"Z"}},"yaxis":{"title":{"text":"V"}}},"scene4":{"domain":{"x":[0.525,0.65],"y":[0.0,1.0]},"zaxis":{"title":{"text":"kappa"},"nticks":4,"range":[-0.0001,1.0226737287196053],"tickformat":".4f"},"xaxis":{"title":{"text":"W"}},"yaxis":{"title":{"text":"Vtilde"}}},"scene5":{"domain":{"x":[0.7,0.825],"y":[0.0,1.0]},"zaxis":{"title":{"text":"kappa"},"nticks":4,"range":[-0.0001,1.0226737287196053],"tickformat":".4f"},"xaxis":{"title":{"text":"W"}},"yaxis":{"title":{"text":"V"}}},"scene6":{"domain":{"x":[0.875,1.0],"y":[0.0,1.0]},"zaxis":{"title":{"text":"kappa"},"nticks":4,"range":[-0.0001,1.0226737287196053],"tickformat":".4f"},"xaxis":{"title":{"text":"W"}},"yaxis":{"title":{"text":"Z"}}},"annotations":[{"font":{"size":16},"showarrow":false,"text":"W fixed at 0.4742, Z fixed at -0.0110<br> MFR Suite Not Solved.","x":0.0625,"xanchor":"center","xref":"paper","y":1.0,"yanchor":"bottom","yref":"paper"},{"font":{"size":16},"showarrow":false,"text":"W fixed at 0.4742, V fixed at 0.9696<br> MFR Suite Not Solved.","x":0.2375,"xanchor":"center","xref":"paper","y":1.0,"yanchor":"bottom","yref":"paper"},{"font":{"size":16},"showarrow":false,"text":"W fixed at 0.4742, Vtilde fixed at 0.5782<br> MFR Suite Not Solved.","x":0.4125,"xanchor":"center","xref":"paper","y":1.0,"yanchor":"bottom","yref":"paper"},{"font":{"size":16},"showarrow":false,"text":"Z fixed at -0.0110, V fixed at 0.9696<br> MFR Suite Not Solved.","x":0.5875,"xanchor":"center","xref":"paper","y":1.0,"yanchor":"bottom","yref":"paper"},{"font":{"size":16},"showarrow":false,"text":"Z fixed at -0.0110, Vtilde fixed at 0.5782<br> MFR Suite Not Solved.","x":0.7625,"xanchor":"center","xref":"paper","y":1.0,"yanchor":"bottom","yref":"paper"},{"font":{"size":16},"showarrow":false,"text":"V fixed at 0.9696, Vtilde fixed at 0.5782<br> MFR Suite Not Solved.","x":0.9375,"xanchor":"center","xref":"paper","y":1.0,"yanchor":"bottom","yref":"paper"}],"title":{"text":"MRF vs NN - Kappa Policy Function Interior<br><span style=\"font-size: 12px;\"> chiUnderline = 0.2, a_e = 0.15, a_h = 0.05, gamma_e = 1.0, gamma_h = 3.0, psi_e = 1.5, psi_h = 1.5</span>","x":0.5,"y":0.97,"yanchor":"top"},"height":700,"width":3500,"margin":{"t":150}}}