{"data":[{"colorscale":[[0.0,"#0d0887"],[0.1111111111111111,"#46039f"],[0.2222222222222222,"#7201a8"],[0.3333333333333333,"#9c179e"],[0.4444444444444444,"#bd3786"],[0.5555555555555556,"#d8576b"],[0.6666666666666666,"#ed7953"],[0.7777777777777778,"#fb9f3a"],[0.8888888888888888,"#fdca26"],[1.0,"#f0f921"]],"name":"NN","showlegend":true,"showscale":false,"x":[1e-05,0.24240772690723,0.48480545381446,0.72720318072169,0.96960090762892,1.21199863453615,1.45439636144338,1.69679408835061,1.93919181525784,2.18158954216506],"y":[1e-05,0.144560514746047,0.289111029492094,0.433661544238141,0.5782120589841879,0.7227625737302349,0.867313088476282,1.011863603222329,1.156414117968376,1.300964632714423],"z":[[0.9999999999876523,0.9999999999876154,0.9999999999875873,0.9999999999875646,0.9999999999875455,0.9999999999875285,0.9999999999875127,0.9999999999874976,0.9999999999874827,0.9999999999874679],[0.9999999999862964,0.9999999999862546,0.9999999999862202,0.9999999999861907,0.9999999999861644,0.9999999999861402,0.9999999999861174,0.9999999999860959,0.9999999999860752,0.9999999999860556],[0.9999999999850634,0.9999999999850527,0.9999999999850464,0.999999999985043,0.9999999999850417,0.9999999999850419,0.9999999999850432,0.9999999999850451,0.9999999999850474,0.9999999999850498],[0.9999999999839324,0.9999999999838681,0.9999999999838023,0.9999999999837331,0.9999999999836585,0.999999999983577,0.9999999999834871,0.9999999999833874,0.9999999999832764,0.9999999999831526],[0.9999999999801681,0.9999999999799952,0.999999999979831,0.9999999999796696,0.9999999999795072,0.9999999999793407,0.9999999999791683,0.9999999999789885,0.9999999999787998,0.9999999999786017],[0.9999999999792755,0.9999999999791456,0.9999999999790284,0.9999999999789198,0.9999999999788166,0.9999999999787168,0.9999999999786191,0.9999999999785223,0.9999999999784254,0.9999999999783279],[0.9999998472707061,0.9999999175546687,0.9999999549039592,0.9999999748921029,0.9999999857151934,0.9999999916700975,0.9999999950101224,0.9999999969241044,0.9999999980462839,0.9999999987200618],[0.9986139275400103,0.9986664301673713,0.9987207539501028,0.9987765111338444,0.9988334336104998,0.998891327770116,0.9989500426275005,0.9990094466308436,0.9990694099951085,0.9991297904631348],[0.9969792589240298,0.997024828077282,0.9970719466373554,0.99712013471954,0.9971690572359279,0.997218471901046,0.9972681956111733,0.9973180827940018,0.9973680115142823,0.9974178745778703],[0.9957112586299904,0.9957501871456302,0.9957905673371238,0.995831985258786,0.9958741508268535,0.995916852871615,0.9959599299095123,0.9960032512219505,0.9960467046324805,0.9960901886098619]],"type":"surface","scene":"scene"},{"colorscale":[[0.0,"#0d0887"],[0.1111111111111111,"#46039f"],[0.2222222222222222,"#7201a8"],[0.3333333333333333,"#9c179e"],[0.4444444444444444,"#bd3786"],[0.5555555555555556,"#d8576b"],[0.6666666666666666,"#ed7953"],[0.7777777777777778,"#fb9f3a"],[0.8888888888888888,"#fdca26"],[1.0,"#f0f921"]],"name":"NN","showlegend":true,"showscale":false,"x":[-0.09930562493060069,-0.0772377082793561,-0.055169791628111496,-0.033101874976866896,-0.011033958325622303,0.01103395832562229,0.033101874976866896,0.055169791628111475,0.07723770827935608,0.09930562493060069],"y":[1e-05,0.144560514746047,0.289111029492094,0.433661544238141,0.5782120589841879,0.7227625737302349,0.867313088476282,1.011863603222329,1.156414117968376,1.300964632714423],"z":[[0.9999999999875356,0.9999999999875382,0.9999999999875407,0.9999999999875432,0.9999999999875455,0.9999999999875477,0.99999999998755,0.999999999987552,0.999999999987554,0.9999999999875558],[0.9999999999861326,0.9999999999861408,0.9999999999861487,0.9999999999861566,0.9999999999861644,0.9999999999861721,0.9999999999861796,0.999999999986187,0.9999999999861945,0.9999999999862017],[0.9999999999850208,0.9999999999850261,0.9999999999850313,0.9999999999850365,0.9999999999850417,0.9999999999850469,0.999999999985052,0.9999999999850571,0.9999999999850622,0.9999999999850672],[0.999999999983512,0.9999999999835505,0.9999999999835877,0.9999999999836237,0.9999999999836585,0.9999999999836923,0.9999999999837248,0.9999999999837563,0.9999999999837867,0.9999999999838163],[0.9999999999792529,0.9999999999793168,0.9999999999793805,0.9999999999794439,0.9999999999795072,0.99999999997957,0.9999999999796326,0.9999999999796948,0.9999999999797566,0.9999999999798181],[0.9999999999786702,0.9999999999787065,0.9999999999787429,0.9999999999787796,0.9999999999788166,0.9999999999788537,0.9999999999788911,0.9999999999789286,0.9999999999789663,0.9999999999790042],[0.9999999949277842,0.9999999934577839,0.9999999915350037,0.9999999890166561,0.9999999857151934,0.9999999813849332,0.9999999757051782,0.9999999682592091,0.9999999585085714,0.9999999457622246],[0.9989662425464124,0.9989317639583338,0.9988981348377914,0.9988653579384112,0.9988334336104998,0.9988023603718268,0.9987721353764205,0.9987427547963004,0.9987142141294504,0.9986865084457293],[0.9972885675721611,0.9972577687568531,0.9972275829074538,0.9971980118106016,0.9971690572359279,0.997140720922739,0.9971130045681775,0.9970859098167885,0.9970594382514122,0.9970335913853265],[0.9959783742538982,0.9959514932126081,0.9959251632515502,0.9958993829665422,0.9958741508268535,0.9958494651817769,0.9958253242672427,0.9958017262124492,0.9957786690464903,0.9957561507049588]],"type":"surface","scene":"scene2"},{"colorscale":[[0.0,"#0d0887"],[0.1111111111111111,"#46039f"],[0.2222222222222222,"#7201a8"],[0.3333333333333333,"#9c179e"],[0.4444444444444444,"#bd3786"],[0.5555555555555556,"#d8576b"],[0.6666666666666666,"#ed7953"],[0.7777777777777778,"#fb9f3a"],[0.8888888888888888,"#fdca26"],[1.0,"#f0f921"]],"name":"NN","showlegend":true,"showscale":false,"x":[-0.09930562493060069,-0.0772377082793561,-0.055169791628111496,-0.033101874976866896,-0.011033958325622303,0.01103395832562229,0.033101874976866896,0.055169791628111475,0.07723770827935608,0.09930562493060069],"y":[1e-05,0.24240772690723,0.48480545381446,0.72720318072169,0.96960090762892,1.21199863453615,1.45439636144338,1.69679408835061,1.93919181525784,2.18158954216506],"z":[[0.999999999979942,0.999999999979999,0.9999999999800556,0.999999999980112,0.9999999999801681,0.9999999999802237,0.9999999999802791,0.9999999999803341,0.9999999999803886,0.9999999999804426],[0.9999999999797622,0.9999999999798208,0.9999999999798793,0.9999999999799374,0.9999999999799952,0.9999999999800526,0.9999999999801098,0.9999999999801665,0.9999999999802228,0.9999999999802788],[0.999999999979591,0.9999999999796514,0.9999999999797116,0.9999999999797714,0.999999999979831,0.9999999999798902,0.9999999999799492,0.9999999999800077,0.9999999999800658,0.9999999999801236],[0.9999999999794226,0.9999999999794846,0.9999999999795466,0.9999999999796083,0.9999999999796696,0.9999999999797307,0.9999999999797914,0.9999999999798518,0.9999999999799117,0.9999999999799714],[0.9999999999792529,0.9999999999793168,0.9999999999793805,0.9999999999794439,0.9999999999795072,0.99999999997957,0.9999999999796326,0.9999999999796948,0.9999999999797566,0.9999999999798181],[0.9999999999790793,0.9999999999791449,0.9999999999792104,0.9999999999792757,0.9999999999793407,0.9999999999794055,0.9999999999794699,0.999999999979534,0.9999999999795979,0.9999999999796613],[0.9999999999788995,0.9999999999789669,0.9999999999790343,0.9999999999791014,0.9999999999791683,0.9999999999792349,0.9999999999793013,0.9999999999793674,0.9999999999794331,0.9999999999794985],[0.9999999999787124,0.9999999999787815,0.9999999999788507,0.9999999999789196,0.9999999999789885,0.999999999979057,0.9999999999791254,0.9999999999791934,0.9999999999792611,0.9999999999793285],[0.9999999999785164,0.9999999999785874,0.9999999999786583,0.9999999999787291,0.9999999999787998,0.9999999999788703,0.9999999999789407,0.9999999999790108,0.9999999999790806,0.99999999997915],[0.9999999999783109,0.9999999999783836,0.9999999999784563,0.9999999999785291,0.9999999999786017,0.9999999999786742,0.9999999999787464,0.9999999999788186,0.9999999999788904,0.999999999978962]],"type":"surface","scene":"scene3"},{"colorscale":[[0.0,"#0d0887"],[0.1111111111111111,"#46039f"],[0.2222222222222222,"#7201a8"],[0.3333333333333333,"#9c179e"],[0.4444444444444444,"#bd3786"],[0.5555555555555556,"#d8576b"],[0.6666666666666666,"#ed7953"],[0.7777777777777778,"#fb9f3a"],[0.8888888888888888,"#fdca26"],[1.0,"#f0f921"]],"name":"NN","showlegend":true,"showscale":false,"x":[0.01,0.06157894736842105,0.1131578947368421,0.16473684210526315,0.2163157894736842,0.26789473684210524,0.3194736842105263,0.37105263157894736,0.4226315789473684,0.47421052631578947,0.5257894736842105,0.5773684210526315,0.6289473684210526,0.6805263157894736,0.7321052631578947,0.7836842105263158,0.8352631578947368,0.8868421052631579,0.9384210526315789,0.99],"y":[1e-05,0.144560514746047,0.289111029492094,0.433661544238141,0.5782120589841879,0.7227625737302349,0.867313088476282,1.011863603222329,1.156414117968376,1.300964632714423],"z":[[0.9961002366446998,0.999999999309454,0.9999999999246202,0.9999999999687478,0.9999999999846757,0.9999999999860516,0.9999999999864625,0.9999999999869066,0.9999999999872696,0.9999999999875455,0.999999999987756,0.9999999999879206,0.9999999999880528,0.9999999999881611,0.9999999999882515,0.9999999999883277,0.9999999999883924,0.9999999999884476,0.999999999988495,0.9999999999885357],[0.5008898815450455,0.9680122190794334,0.9999999997050146,0.999999999947,0.9999999999652109,0.999999999981908,0.9999999999851591,0.9999999999854892,0.9999999999858212,0.9999999999861644,0.9999999999864705,0.9999999999867346,0.999999999986963,0.9999999999871617,0.9999999999873357,0.9999999999874881,0.9999999999876216,0.9999999999877383,0.99999999998784,0.9999999999879284],[0.4669727092793986,0.9004294813070293,0.97639540782426,0.9999999020420708,0.999999999957904,0.9999999999664585,0.9999999999779543,0.9999999999838186,0.9999999999848148,0.9999999999850417,0.9999999999852334,0.9999999999854439,0.999999999985663,0.9999999999858827,0.9999999999860988,0.999999999986308,0.999999999986508,0.9999999999866969,0.9999999999868727,0.9999999999870345],[0.45513963456860956,0.87764931431722,0.9529379825085837,0.9829160347301529,0.9982328538056429,0.9999999999430285,0.9999999999713349,0.9999999999760562,0.999999999981383,0.9999999999836585,0.9999999999844097,0.9999999999846979,0.999999999984858,0.9999999999849868,0.9999999999851139,0.9999999999852498,0.9999999999853976,0.9999999999855572,0.999999999985727,0.9999999999859038],[0.4499196689126441,0.8662157212135708,0.9411594346359085,0.971451891366906,0.9871484563591879,0.9963218142213724,0.9999999825882964,0.9999999999747389,0.9999999999771663,0.9999999999795072,0.9999999999816318,0.999999999982969,0.9999999999837402,0.9999999999841978,0.9999999999844863,0.9999999999846807,0.9999999999848213,0.9999999999849318,0.9999999999850282,0.9999999999851219],[0.4468286419915523,0.8592606894866319,0.9340340363888225,0.9645201674319174,0.980550430810625,0.9900543747857408,0.9960709902598179,0.9998624498055714,0.9999999999488863,0.9999999999788166,0.9999999999794142,0.999999999980241,0.999999999981161,0.9999999999820105,0.9999999999827198,0.9999999999832898,0.9999999999837423,0.9999999999840994,0.999999999984379,0.9999999999845957],[0.4445139521891312,0.8545802249664254,0.9292775159832107,0.9599026447890905,0.9761297231191236,0.9858783190268269,0.9921409066766889,0.9963197659151118,0.9991646154205925,0.9999999857151934,0.9999999999794084,0.9999999999799113,0.9999999999800439,0.9999999999803278,0.9999999999806767,0.9999999999811089,0.9999999999815933,0.9999999999820948,0.9999999999825869,0.9999999999830509],[0.4426488490772506,0.8512270626559758,0.9258821787538394,0.9566141139912133,0.9729776500994297,0.9828841548248429,0.9893277952904924,0.9936945031312194,0.9967252966476449,0.9988334336104998,0.9999867729941221,0.9999999998653978,0.9999999999815892,0.9999999999801064,0.9999999999801638,0.9999999999803098,0.9999999999804109,0.9999999999805375,0.9999999999807292,0.9999999999809984],[0.441208073816707,0.8487179355799922,0.9233389225954849,0.9541330295243842,0.9706065313707015,0.9806355394626808,0.9872160447441821,0.9917217652027717,0.9949011027374215,0.9971690572359279,0.9987733274567939,0.9998489548916358,0.9999999818140454,0.9999999999738665,0.9999999999813427,0.9999999999800071,0.9999999999801114,0.9999999999802712,0.999999999980324,0.9999999999803155],[0.4402154690876447,0.8467725685141589,0.92135673659656,0.9521675091491573,0.9687267144361287,0.9788715306459912,0.9855723506873055,0.9901990995523147,0.9934893960765657,0.9958741508268535,0.9975995131766832,0.9988384178022341,0.9997082917977158,0.99999834447778,0.99999999976859,0.9999999999828934,0.9999999999806574,0.999999999979809,0.9999999999799883,0.9999999999802003]],"type":"surface","scene":"scene4"},{"colorscale":[[0.0,"#0d0887"],[0.1111111111111111,"#46039f"],[0.2222222222222222,"#7201a8"],[0.3333333333333333,"#9c179e"],[0.4444444444444444,"#bd3786"],[0.5555555555555556,"#d8576b"],[0.6666666666666666,"#ed7953"],[0.7777777777777778,"#fb9f3a"],[0.8888888888888888,"#fdca26"],[1.0,"#f0f921"]],"name":"NN","showlegend":true,"showscale":false,"x":[0.01,0.06157894736842105,0.1131578947368421,0.16473684210526315,0.2163157894736842,0.26789473684210524,0.3194736842105263,0.37105263157894736,0.4226315789473684,0.47421052631578947,0.5257894736842105,0.5773684210526315,0.6289473684210526,0.6805263157894736,0.7321052631578947,0.7836842105263158,0.8352631578947368,0.8868421052631579,0.9384210526315789,0.99],"y":[1e-05,0.24240772690723,0.48480545381446,0.72720318072169,0.96960090762892,1.21199863453615,1.45439636144338,1.69679408835061,1.93919181525784,2.18158954216506],"z":[[0.4511084829206184,0.8663663403954416,0.9410141066270455,0.9712516121701988,0.9869079656502898,0.9960129328534449,0.9999998981323359,0.9999999999751285,0.9999999999778472,0.9999999999801681,0.9999999999821293,0.9999999999832986,0.9999999999839432,0.9999999999843138,0.9999999999845454,0.9999999999847048,0.9999999999848271,0.9999999999849324,0.9999999999850334,0.9999999999851386],[0.45144688676625355,0.8663512188929888,0.9410627159103281,0.9713008286091623,0.9869633960064652,0.9960872929836629,0.9999999366792061,0.9999999999750073,0.9999999999776601,0.9999999999799952,0.9999999999820057,0.9999999999832204,0.9999999999838971,0.9999999999842886,0.999999999984533,0.9999999999846999,0.9999999999848256,0.9999999999849312,0.9999999999850302,0.9999999999851321],[0.45092719983210655,0.8662896015208138,0.9410920689931557,0.9713473733445279,0.9870215655597584,0.9961633689326874,0.9999999595427808,0.9999999999749074,0.9999999999774886,0.999999999979831,0.9999999999818838,0.9999999999831408,0.9999999999838488,0.9999999999842615,0.9999999999845196,0.9999999999846947,0.9999999999848244,0.9999999999849308,0.9999999999850285,0.9999999999851273],[0.4503623573457028,0.8662405145025507,0.9411226267217074,0.9713974419571945,0.9870834349497011,0.9962415931078915,0.9999999736697964,0.9999999999748198,0.9999999999773255,0.9999999999796696,0.99999999998176,0.9999999999830576,0.9999999999837969,0.9999999999842314,0.9999999999845042,0.9999999999846885,0.999999999984823,0.9999999999849312,0.999999999985028,0.999999999985124],[0.4499196689126441,0.8662157212135708,0.9411594346359085,0.971451891366906,0.9871484563591879,0.9963218142213724,0.9999999825882964,0.9999999999747389,0.9999999999771663,0.9999999999795072,0.9999999999816318,0.999999999982969,0.9999999999837402,0.9999999999841978,0.9999999999844863,0.9999999999846807,0.9999999999848213,0.9999999999849318,0.9999999999850282,0.9999999999851219],[0.4495511090351899,0.8662102726709716,0.9412016094363903,0.9715096214257163,0.9872156311174543,0.9964036861805184,0.9999999882983952,0.9999999999746608,0.9999999999770082,0.9999999999793407,0.9999999999814969,0.9999999999828737,0.9999999999836777,0.9999999999841596,0.9999999999844652,0.9999999999846712,0.9999999999848186,0.9999999999849324,0.9999999999850291,0.9999999999851208],[0.4491578177879436,0.8662149662245221,0.9412464627208079,0.9715690366953185,0.987283943856163,0.9964868357909116,0.9999999919989689,0.9999999999745833,0.999999999976849,0.9999999999791683,0.9999999999813538,0.9999999999827703,0.9999999999836086,0.9999999999841162,0.9999999999844404,0.9999999999846592,0.9999999999848147,0.9999999999849328,0.9999999999850305,0.9999999999851208],[0.4486462188688712,0.8662209130487376,0.9412911453589539,0.9716286146104074,0.9873525108205833,0.9965709230301174,0.9999999944271476,0.999999999974505,0.9999999999766874,0.9999999999789885,0.9999999999812009,0.9999999999826578,0.9999999999835316,0.9999999999840666,0.9999999999844111,0.9999999999846441,0.9999999999848092,0.9999999999849325,0.9999999999850322,0.9999999999851217],[0.447942122752744,0.8662208554816235,0.9413332046091502,0.9716870815120308,0.9874206073723111,0.9966556537213657,0.9999999960417951,0.9999999999744249,0.9999999999765224,0.9999999999787998,0.9999999999810373,0.9999999999825347,0.9999999999834457,0.99999999998401,0.9999999999843765,0.9999999999846254,0.9999999999848014,0.9999999999849314,0.999999999985034,0.9999999999851233],[0.4469901631899151,0.8662092593397146,0.941370696213677,0.9717434301001476,0.9874876507568997,0.9967407735185235,0.9999999971308987,0.9999999999743429,0.9999999999763537,0.9999999999786017,0.9999999999808613,0.9999999999824,0.9999999999833498,0.9999999999839453,0.9999999999843358,0.9999999999846024,0.9999999999847908,0.9999999999849288,0.9999999999850355,0.9999999999851256]],"type":"surface","scene":"scene5"},{"colorscale":[[0.0,"#0d0887"],[0.1111111111111111,"#46039f"],[0.2222222222222222,"#7201a8"],[0.3333333333333333,"#9c179e"],[0.4444444444444444,"#bd3786"],[0.5555555555555556,"#d8576b"],[0.6666666666666666,"#ed7953"],[0.7777777777777778,"#fb9f3a"],[0.8888888888888888,"#fdca26"],[1.0,"#f0f921"]],"name":"NN","showlegend":true,"showscale":false,"x":[0.01,0.06157894736842105,0.1131578947368421,0.16473684210526315,0.2163157894736842,0.26789473684210524,0.3194736842105263,0.37105263157894736,0.4226315789473684,0.47421052631578947,0.5257894736842105,0.5773684210526315,0.6289473684210526,0.6805263157894736,0.7321052631578947,0.7836842105263158,0.8352631578947368,0.8868421052631579,0.9384210526315789,0.99],"y":[-0.09930562493060069,-0.0772377082793561,-0.055169791628111496,-0.033101874976866896,-0.011033958325622303,0.01103395832562229,0.033101874976866896,0.055169791628111475,0.07723770827935608,0.09930562493060069],"z":[[0.4498712011435011,0.8659417327357205,0.9409363460332353,0.9712927372150835,0.9870642996879819,0.9963378171950323,0.9999999891741743,0.9999999999745846,0.9999999999769856,0.9999999999792529,0.9999999999813868,0.9999999999827767,0.999999999983602,0.9999999999841028,0.9999999999844228,0.9999999999846385,0.9999999999847923,0.9999999999849101,0.9999999999850091,0.9999999999851025],[0.4498911848138155,0.8660106536702468,0.9409913843231624,0.9713309179175076,0.9870833321033138,0.9963315667670171,0.9999999877851525,0.9999999999746234,0.9999999999770304,0.9999999999793168,0.9999999999814495,0.9999999999828265,0.9999999999836382,0.9999999999841279,0.9999999999844396,0.9999999999846496,0.9999999999847999,0.9999999999849156,0.999999999985014,0.9999999999851072],[0.4499059721493943,0.8660792875542738,0.9410469079858428,0.9713701692768809,0.9871037031803788,0.9963268311604382,0.9999999862338869,0.999999999974662,0.9999999999770754,0.9999999999793805,0.9999999999815112,0.9999999999828753,0.9999999999836733,0.999999999984152,0.9999999999844558,0.9999999999846604,0.9999999999848073,0.9999999999849211,0.9999999999850188,0.9999999999851121],[0.44991549130943564,0.86614764111072,0.9411029227736014,0.9714104931366301,0.9871254117221467,0.9963235876770803,0.9999999845063229,0.9999999999747006,0.9999999999771207,0.9999999999794439,0.999999999981572,0.9999999999829227,0.9999999999837073,0.9999999999841753,0.9999999999844713,0.9999999999846708,0.9999999999848144,0.9999999999849265,0.9999999999850234,0.999999999985117],[0.4499196689126441,0.8662157212135708,0.9411594346359085,0.971451891366906,0.9871484563591879,0.9963218142213724,0.9999999825882964,0.9999999999747389,0.9999999999771663,0.9999999999795072,0.9999999999816318,0.999999999982969,0.9999999999837402,0.9999999999841978,0.9999999999844863,0.9999999999846807,0.9999999999848213,0.9999999999849318,0.9999999999850282,0.9999999999851219],[0.4499184300346375,0.8662835348848357,0.9412164497139948,0.9714943658616431,0.9871728355480915,0.9963214892310382,0.9999999804658013,0.999999999974777,0.9999999999772122,0.99999999997957,0.9999999999816905,0.9999999999830141,0.999999999983772,0.9999999999842193,0.9999999999845007,0.9999999999846904,0.999999999984828,0.999999999984937,0.999999999985033,0.9999999999851268],[0.44991169820396826,0.866351089291556,0.9412739743353218,0.9715379185353924,0.9871985475697321,0.9963225916098817,0.99999997812531,0.9999999999748148,0.9999999999772583,0.9999999999796326,0.9999999999817484,0.999999999983058,0.9999999999838028,0.9999999999842402,0.9999999999845146,0.9999999999846997,0.9999999999848346,0.9999999999849422,0.9999999999850376,0.9999999999851317],[0.44989939539680807,0.8664183917428706,0.9413320150079066,0.9715825513199361,0.9872255905273701,0.9963251006628935,0.9999999755541468,0.9999999999748523,0.9999999999773046,0.9999999999796948,0.9999999999818052,0.9999999999831009,0.9999999999838327,0.9999999999842603,0.9999999999845279,0.9999999999847086,0.9999999999848409,0.9999999999849473,0.9999999999850424,0.9999999999851367],[0.4498814420303221,0.8664854496871294,0.9413905784145078,0.9716282661606945,0.9872539623445704,0.9963289960338113,0.9999999727409109,0.9999999999748896,0.9999999999773512,0.9999999999797566,0.999999999981861,0.9999999999831425,0.9999999999838616,0.9999999999842796,0.9999999999845407,0.9999999999847173,0.9999999999848471,0.9999999999849523,0.9999999999850471,0.9999999999851417],[0.4498577569547485,0.8665522707090555,0.9414496714066769,0.9716750650129317,0.9872836607629254,0.9963342576452147,0.9999999696759484,0.9999999999749267,0.999999999977398,0.9999999999798181,0.9999999999819158,0.9999999999831831,0.9999999999838894,0.9999999999842982,0.9999999999845531,0.9999999999847257,0.9999999999848532,0.9999999999849573,0.9999999999850518,0.9999999999851467]],"type":"surface","scene":"scene6"}],"layout":{"template":{"data":{"histogram2dcontour":[{"type":"histogram2dcontour","colorbar":{"outlinewidth":0,"ticks":""},"colorscale":[[0.0,"#0d0887"],[0.1111111111111111,"#46039f"],[0.2222222222222222,"#7201a8"],[0.3333333333333333,"#9c179e"],[0.4444444444444444,"#bd3786"],[0.5555555555555556,"#d8576b"],[0.6666666666666666,"#ed7953"],[0.7777777777777778,"#fb9f3a"],[0.8888888888888888,"#fdca26"],[1.0,"#f0f921"]]}],"choropleth":[{"type":"choropleth","colorbar":{"outlinewidth":0,"ticks":""}}],"histogram2d":[{"type":"histogram2d","colorbar":{"outlinewidth":0,"ticks":""},"colorscale":[[0.0,"#0d0887"],[0.1111111111111111,"#46039f"],[0.2222222222222222,"#7201a8"],[0.3333333333333333,"#9c179e"],[0.4444444444444444,"#bd3786"],[0.5555555555555556,"#d8576b"],[0.6666666666666666,"#ed7953"],[0.7777777777777778,"#fb9f3a"],[0.8888888888888888,"#fdca26"],[1.0,"#f0f921"]]}],"heatmap":[{"type":"heatmap","colorbar":{"outlinewidth":0,"ticks":""},"colorscale":[[0.0,"#0d0887"],[0.1111111111111111,"#46039f"],[0.2222222222222222,"#7201a8"],[0.3333333333333333,"#9c179e"],[0.4444444444444444,"#bd3786"],[0.5555555555555556,"#d8576b"],[0.6666666666666666,"#ed7953"],[0.7777777777777778,"#fb9f3a"],[0.8888888888888888,"#fdca26"],[1.0,"#f0f921"]]}],"heatmapgl":[{"type":"heatmapgl","colorbar":{"outlinewidth":0,"ticks":""},"colorscale":[[0.0,"#0d0887"],[0.1111111111111111,"#46039f"],[0.2222222222222222,"#7201a8"],[0.3333333333333333,"#9c179e"],[0.4444444444444444,"#bd3786"],[0.5555555555555556,"#d8576b"],[0.6666666666666666,"#ed7953"],[0.7777777777777778,"#fb9f3a"],[0.8888888888888888,"#fdca26"],[1.0,"#f0f921"]]}],"contourcarpet":[{"type":"contourcarpet","colorbar":{"outlinewidth":0,"ticks":""}}],"contour":[{"type":"contour","colorbar":{"outlinewidth":0,"ticks":""},"colorscale":[[0.0,"#0d0887"],[0.1111111111111111,"#46039f"],[0.2222222222222222,"#7201a8"],[0.3333333333333333,"#9c179e"],[0.4444444444444444,"#bd3786"],[0.5555555555555556,"#d8576b"],[0.6666666666666666,"#ed7953"],[0.7777777777777778,"#fb9f3a"],[0.8888888888888888,"#fdca26"],[1.0,"#f0f921"]]}],"surface":[{"type":"surface","colorbar":{"outlinewidth":0,"ticks":""},"colorscale":[[0.0,"#0d0887"],[0.1111111111111111,"#46039f"],[0.2222222222222222,"#7201a8"],[0.3333333333333333,"#9c179e"],[0.4444444444444444,"#bd3786"],[0.5555555555555556,"#d8576b"],[0.6666666666666666,"#ed7953"],[0.7777777777777778,"#fb9f3a"],[0.8888888888888888,"#fdca26"],[1.0,"#f0f921"]]}],"mesh3d":[{"type":"mesh3d","colorbar":{"outlinewidth":0,"ticks":""}}],"scatter":[{"fillpattern":{"fillmode":"overlay","size":10,"solidity":0.2},"type":"scatter"}],"parcoords":[{"type":"parcoords","line":{"colorbar":{"outlinewidth":0,"ticks":""}}}],"scatterpolargl":[{"type":"scatterpolargl","marker":{"colorbar":{"outlinewidth":0,"ticks":""}}}],"bar":[{"error_x":{"color":"#2a3f5f"},"error_y":{"color":"#2a3f5f"},"marker":{"line":{"color":"#E5ECF6","width":0.5},"pattern":{"fillmode":"overlay","size":10,"solidity":0.2}},"type":"bar"}],"scattergeo":[{"type":"scattergeo","marker":{"colorbar":{"outlinewidth":0,"ticks":""}}}],"scatterpolar":[{"type":"scatterpolar","marker":{"colorbar":{"outlinewidth":0,"ticks":""}}}],"histogram":[{"marker":{"pattern":{"fillmode":"overlay","size":10,"solidity":0.2}},"type":"histogram"}],"scattergl":[{"type":"scattergl","marker":{"colorbar":{"outlinewidth":0,"ticks":""}}}],"scatter3d":[{"type":"scatter3d","line":{"colorbar":{"outlinewidth":0,"ticks":""}},"marker":{"colorbar":{"outlinewidth":0,"ticks":""}}}],"scattermapbox":[{"type":"scattermapbox","marker":{"colorbar":{"outlinewidth":0,"ticks":""}}}],"scatterternary":[{"type":"scatterternary","marker":{"colorbar":{"outlinewidth":0,"ticks":""}}}],"scattercarpet":[{"type":"scattercarpet","marker":{"colorbar":{"outlinewidth":0,"ticks":""}}}],"carpet":[{"aaxis":{"endlinecolor":"#2a3f5f","gridcolor":"white","linecolor":"white","minorgridcolor":"white","startlinecolor":"#2a3f5f"},"baxis":{"endlinecolor":"#2a3f5f","gridcolor":"white","linecolor":"white","minorgridcolor":"white","startlinecolor":"#2a3f5f"},"type":"carpet"}],"table":[{"cells":{"fill":{"color":"#EBF0F8"},"line":{"color":"white"}},"header":{"fill":{"color":"#C8D4E3"},"line":{"color":"white"}},"type":"table"}],"barpolar":[{"marker":{"line":{"color":"#E5ECF6","width":0.5},"pattern":{"fillmode":"overlay","size":10,"solidity":0.2}},"type":"barpolar"}],"pie":[{"automargin":true,"type":"pie"}]},"layout":{"autotypenumbers":"strict","colorway":["#636efa","#EF553B","#00cc96","#ab63fa","#FFA15A","#19d3f3","#FF6692","#B6E880","#FF97FF","#FECB52"],"font":{"color":"#2a3f5f"},"hovermode":"closest","hoverlabel":{"align":"left"},"paper_bgcolor":"white","plot_bgcolor":"#E5ECF6","polar":{"bgcolor":"#E5ECF6","angularaxis":{"gridcolor":"white","linecolor":"white","ticks":""},"radialaxis":{"gridcolor":"white","linecolor":"white","ticks":""}},"ternary":{"bgcolor":"#E5ECF6","aaxis":{"gridcolor":"white","linecolor":"white","ticks":""},"baxis":{"gridcolor":"white","linecolor":"white","ticks":""},"caxis":{"gridcolor":"white","linecolor":"white","ticks":""}},"coloraxis":{"colorbar":{"outlinewidth":0,"ticks":""}},"colorscale":{"sequential":[[0.0,"#0d0887"],[0.1111111111111111,"#46039f"],[0.2222222222222222,"#7201a8"],[0.3333333333333333,"#9c179e"],[0.4444444444444444,"#bd3786"],[0.5555555555555556,"#d8576b"],[0.6666666666666666,"#ed7953"],[0.7777777777777778,"#fb9f3a"],[0.8888888888888888,"#fdca26"],[1.0,"#f0f921"]],"sequentialminus":[[0.0,"#0d0887"],[0.1111111111111111,"#46039f"],[0.2222222222222222,"#7201a8"],[0.3333333333333333,"#9c179e"],[0.4444444444444444,"#bd3786"],[0.5555555555555556,"#d8576b"],[0.6666666666666666,"#ed7953"],[0.7777777777777778,"#fb9f3a"],[0.8888888888888888,"#fdca26"],[1.0,"#f0f921"]],"diverging":[[0,"#8e0152"],[0.1,"#c51b7d"],[0.2,"#de77ae"],[0.3,"#f1b6da"],[0.4,"#fde0ef"],[0.5,"#f7f7f7"],[0.6,"#e6f5d0"],[0.7,"#b8e186"],[0.8,"#7fbc41"],[0.9,"#4d9221"],[1,"#276419"]]},"xaxis":{"gridcolor":"white","linecolor":"white","ticks":"","title":{"standoff":15},"zerolinecolor":"white","automargin":true,"zerolinewidth":2},"yaxis":{"gridcolor":"white","linecolor":"white","ticks":"","title":{"standoff":15},"zerolinecolor":"white","automargin":true,"zerolinewidth":2},"scene":{"xaxis":{"backgroundcolor":"#E5ECF6","gridcolor":"white","linecolor":"white","showbackground":true,"ticks":"","zerolinecolor":"white","gridwidth":2},"yaxis":{"backgroundcolor":"#E5ECF6","gridcolor":"white","linecolor":"white","showbackground":true,"ticks":"","zerolinecolor":"white","gridwidth":2},"zaxis":{"backgroundcolor":"#E5ECF6","gridcolor":"white","linecolor":"white","showbackground":true,"ticks":"","zerolinecolor":"white","gridwidth":2}},"shapedefaults":{"line":{"color":"#2a3f5f"}},"annotationdefaults":{"arrowcolor":"#2a3f5f","arrowhead":0,"arrowwidth":1},"geo":{"bgcolor":"white","landcolor":"#E5ECF6","subunitcolor":"white","showland":true,"showlakes":true,"lakecolor":"white"},"title":{"x":0.05},"mapbox":{"style":"light"}}},"scene":{"domain":{"x":[0.0,0.125],"y":[0.0,1.0]},"xaxis":{"title":{"text":"V"}},"yaxis":{"title":{"text":"Vtilde"}},"zaxis":{"title":{"text":"kappa"}}},"scene2":{"domain":{"x":[0.175,0.3],"y":[0.0,1.0]},"xaxis":{"title":{"text":"Z"}},"yaxis":{"title":{"text":"Vtilde"}},"zaxis":{"title":{"text":"kappa"}}},"scene3":{"domain":{"x":[0.35,0.475],"y":[0.0,1.0]},"xaxis":{"title":{"text":"Z"}},"yaxis":{"title":{"text":"V"}},"zaxis":{"title":{"text":"kappa"}}},"scene4":{"domain":{"x":[0.525,0.65],"y":[0.0,1.0]},"xaxis":{"title":{"text":"W"}},"yaxis":{"title":{"text":"Vtilde"}},"zaxis":{"title":{"text":"kappa"}}},"scene5":{"domain":{"x":[0.7,0.825],"y":[0.0,1.0]},"xaxis":{"title":{"text":"W"}},"yaxis":{"title":{"text":"V"}},"zaxis":{"title":{"text":"kappa"}}},"scene6":{"domain":{"x":[0.875,1.0],"y":[0.0,1.0]},"xaxis":{"title":{"text":"W"}},"yaxis":{"title":{"text":"Z"}},"zaxis":{"title":{"text":"kappa"}}},"annotations":[{"font":{"size":16},"showarrow":false,"text":"W fixed at 0.4742, Z fixed at -0.0110<br> MFR Suite Not Solved.","x":0.0625,"xanchor":"center","xref":"paper","y":1.0,"yanchor":"bottom","yref":"paper"},{"font":{"size":16},"showarrow":false,"text":"W fixed at 0.4742, V fixed at 0.9696<br> MFR Suite Not Solved.","x":0.2375,"xanchor":"center","xref":"paper","y":1.0,"yanchor":"bottom","yref":"paper"},{"font":{"size":16},"showarrow":false,"text":"W fixed at 0.4742, Vtilde fixed at 0.5782<br> MFR Suite Not Solved.","x":0.4125,"xanchor":"center","xref":"paper","y":1.0,"yanchor":"bottom","yref":"paper"},{"font":{"size":16},"showarrow":false,"text":"Z fixed at -0.0110, V fixed at 0.9696<br> MFR Suite Not Solved.","x":0.5875,"xanchor":"center","xref":"paper","y":1.0,"yanchor":"bottom","yref":"paper"},{"font":{"size":16},"showarrow":false,"text":"Z fixed at -0.0110, Vtilde fixed at 0.5782<br> MFR Suite Not Solved.","x":0.7625,"xanchor":"center","xref":"paper","y":1.0,"yanchor":"bottom","yref":"paper"},{"font":{"size":16},"showarrow":false,"text":"V fixed at 0.9696, Vtilde fixed at 0.5782<br> MFR Suite Not Solved.","x":0.9375,"xanchor":"center","xref":"paper","y":1.0,"yanchor":"bottom","yref":"paper"}],"title":{"text":"MRF vs NN - Kappa Policy Function<br><span style=\"font-size: 12px;\"> chiUnderline = 0.2, a_e = 0.15, a_h = 0.05, gamma_e = 1.0, gamma_h = 3.0, psi_e = 0.5, psi_h = 1.5</span>","x":0.5,"y":0.97,"yanchor":"top"},"height":700,"width":3500,"margin":{"t":150}}}