{"data":[{"colorscale":[[0.0,"#0d0887"],[0.1111111111111111,"#46039f"],[0.2222222222222222,"#7201a8"],[0.3333333333333333,"#9c179e"],[0.4444444444444444,"#bd3786"],[0.5555555555555556,"#d8576b"],[0.6666666666666666,"#ed7953"],[0.7777777777777778,"#fb9f3a"],[0.8888888888888888,"#fdca26"],[1.0,"#f0f921"]],"name":"NN","showlegend":true,"showscale":false,"x":[1e-05,0.24240772690723,0.48480545381446,0.72720318072169,0.96960090762892,1.21199863453615,1.45439636144338,1.69679408835061,1.93919181525784,2.18158954216506],"y":[1e-05,0.144560514746047,0.289111029492094,0.433661544238141,0.5782120589841879,0.7227625737302349,0.867313088476282,1.011863603222329,1.156414117968376,1.300964632714423],"z":[[0.9999999930207278,0.9999999930012553,0.9999999929801465,0.9999999929573603,0.9999999929328696,0.9999999929066631,0.9999999928787476,0.9999999928491499,0.9999999928179167,0.9999999927851163],[0.9999999930183109,0.9999999929941508,0.9999999929683396,0.9999999929408734,0.9999999929117657,0.9999999928810499,0.99999999284878,0.9999999928150307,0.9999999927798967,0.999999992743492],[0.9999999931179112,0.9999999930890601,0.999999993058273,0.9999999930255867,0.9999999929910621,0.9999999929547853,0.9999999929168674,0.9999999928774436,0.9999999928366708,0.9999999927947244],[0.999999993291116,0.9999999932747505,0.9999999932555587,0.9999999932334616,0.9999999932084063,0.9999999931803732,0.9999999931493823,0.9999999931154976,0.999999993078831,0.9999999930395429],[0.9999999930849518,0.999999993112195,0.9999999931343043,0.999999993151764,0.999999993164946,0.9999999931741302,0.9999999931795213,0.9999999931812648,0.9999999931794615,0.999999993174182],[0.9999999888620068,0.9999999897500397,0.999999990433242,0.9999999909631843,0.9999999913777881,0.9999999917049571,0.9999999919652838,0.9999999921740356,0.9999999923425993,0.9999999924795238],[0.9999997945061444,0.999999888747039,0.9999999263807161,0.9999999453225604,0.9999999567372492,0.9999999645164007,0.9999999702290834,0.9999999746032543,0.9999999780287637,0.999999980744563],[0.9998073605148666,0.9998602117078321,0.9999102844231401,0.9999517274754188,0.9999790565810431,0.9999925006827246,0.999997511928999,0.9999991024933318,0.9999996075603811,0.9999997881317799],[0.999484781089484,0.9995313814669199,0.9995780602609989,0.9996248213388194,0.9996717305130796,0.9997188670768123,0.9997661820931244,0.9998132267097322,0.9998587898949282,0.9999006772296472],[0.99923379292991,0.9992759217516427,0.9993182346832389,0.9993605681566365,0.999402750717998,0.9994446125584064,0.9994859948489804,0.9995267572244704,0.9995667813098927,0.9996059679924965]],"type":"surface","scene":"scene"},{"colorscale":[[0.0,"#0d0887"],[0.1111111111111111,"#46039f"],[0.2222222222222222,"#7201a8"],[0.3333333333333333,"#9c179e"],[0.4444444444444444,"#bd3786"],[0.5555555555555556,"#d8576b"],[0.6666666666666666,"#ed7953"],[0.7777777777777778,"#fb9f3a"],[0.8888888888888888,"#fdca26"],[1.0,"#f0f921"]],"name":"NN","showlegend":true,"showscale":false,"x":[-0.09930562493060069,-0.0772377082793561,-0.055169791628111496,-0.033101874976866896,-0.011033958325622303,0.01103395832562229,0.033101874976866896,0.055169791628111475,0.07723770827935608,0.09930562493060069],"y":[1e-05,0.144560514746047,0.289111029492094,0.433661544238141,0.5782120589841879,0.7227625737302349,0.867313088476282,1.011863603222329,1.156414117968376,1.300964632714423],"z":[[0.9999999929317431,0.9999999929320251,0.9999999929323068,0.9999999929325882,0.9999999929328696,0.9999999929331506,0.9999999929334313,0.9999999929337118,0.9999999929339921,0.9999999929342721],[0.9999999929109898,0.9999999929111835,0.9999999929113774,0.9999999929115714,0.9999999929117657,0.9999999929119601,0.9999999929121546,0.9999999929123493,0.9999999929125442,0.9999999929127392],[0.999999992990629,0.9999999929907367,0.9999999929908447,0.9999999929909532,0.9999999929910621,0.9999999929911715,0.9999999929912812,0.9999999929913914,0.999999992991502,0.999999992991613],[0.999999993208027,0.9999999932081218,0.9999999932082166,0.9999999932083115,0.9999999932084063,0.9999999932085012,0.999999993208596,0.9999999932086909,0.9999999932087857,0.9999999932088807],[0.9999999931657455,0.9999999931655441,0.9999999931653438,0.9999999931651444,0.999999993164946,0.9999999931647487,0.9999999931645525,0.9999999931643572,0.9999999931641629,0.9999999931639697],[0.9999999913886172,0.9999999913858776,0.9999999913831594,0.9999999913804629,0.9999999913777881,0.999999991375135,0.9999999913725038,0.9999999913698947,0.9999999913673077,0.9999999913647428],[0.999999956812737,0.9999999567932648,0.9999999567741924,0.9999999567555203,0.9999999567372492,0.9999999567193791,0.9999999567019109,0.9999999566848446,0.999999956668181,0.9999999566519201],[0.9999790591394291,0.9999790578240217,0.9999790569594373,0.9999790565452571,0.9999790565810431,0.9999790570663383,0.9999790580006664,0.9999790593835323,0.9999790612144218,0.9999790634928019],[0.999671583981378,0.9996716194173018,0.9996716556518171,0.9996716926840375,0.9996717305130796,0.9996717691380635,0.9996718085581131,0.9996718487723556,0.9996718897799218,0.9996719315799459],[0.9994025078369152,0.9994025676716446,0.9994026280970307,0.9994026891126295,0.999402750717998,0.9994028129126941,0.9994028756962764,0.9994029390683044,0.9994030030283385,0.99940306757594]],"type":"surface","scene":"scene2"},{"colorscale":[[0.0,"#0d0887"],[0.1111111111111111,"#46039f"],[0.2222222222222222,"#7201a8"],[0.3333333333333333,"#9c179e"],[0.4444444444444444,"#bd3786"],[0.5555555555555556,"#d8576b"],[0.6666666666666666,"#ed7953"],[0.7777777777777778,"#fb9f3a"],[0.8888888888888888,"#fdca26"],[1.0,"#f0f921"]],"name":"NN","showlegend":true,"showscale":false,"x":[-0.09930562493060069,-0.0772377082793561,-0.055169791628111496,-0.033101874976866896,-0.011033958325622303,0.01103395832562229,0.033101874976866896,0.055169791628111475,0.07723770827935608,0.09930562493060069],"y":[1e-05,0.24240772690723,0.48480545381446,0.72720318072169,0.96960090762892,1.21199863453615,1.45439636144338,1.69679408835061,1.93919181525784,2.18158954216506],"z":[[0.9999999930863083,0.9999999930859662,0.9999999930856261,0.999999993085288,0.9999999930849518,0.9999999930846176,0.9999999930842856,0.9999999930839554,0.9999999930836273,0.9999999930833012],[0.9999999931133953,0.9999999931130927,0.9999999931127919,0.9999999931124925,0.999999993112195,0.9999999931118991,0.9999999931116049,0.9999999931113124,0.9999999931110215,0.9999999931107325],[0.9999999931353609,0.9999999931350947,0.9999999931348298,0.9999999931345663,0.9999999931343043,0.9999999931340438,0.9999999931337845,0.9999999931335268,0.9999999931332705,0.9999999931330156],[0.9999999931526875,0.9999999931524549,0.9999999931522234,0.9999999931519931,0.999999993151764,0.9999999931515361,0.9999999931513094,0.9999999931510839,0.9999999931508596,0.9999999931506367],[0.9999999931657455,0.9999999931655441,0.9999999931653438,0.9999999931651444,0.999999993164946,0.9999999931647487,0.9999999931645525,0.9999999931643572,0.9999999931641629,0.9999999931639697],[0.9999999931748126,0.9999999931746407,0.9999999931744697,0.9999999931742996,0.9999999931741302,0.9999999931739618,0.9999999931737942,0.9999999931736275,0.9999999931734617,0.9999999931732967],[0.9999999931800918,0.9999999931799481,0.9999999931798051,0.9999999931796628,0.9999999931795213,0.9999999931793805,0.9999999931792404,0.999999993179101,0.9999999931789624,0.9999999931788245],[0.9999999931817269,0.9999999931816105,0.9999999931814946,0.9999999931813793,0.9999999931812648,0.9999999931811506,0.9999999931810373,0.9999999931809245,0.9999999931808122,0.9999999931807008],[0.9999999931798171,0.9999999931797275,0.9999999931796383,0.9999999931795497,0.9999999931794615,0.9999999931793738,0.9999999931792867,0.9999999931792,0.9999999931791138,0.9999999931790282],[0.9999999931744317,0.9999999931743686,0.999999993174306,0.9999999931742438,0.999999993174182,0.9999999931741206,0.9999999931740596,0.999999993173999,0.9999999931739388,0.9999999931738791]],"type":"surface","scene":"scene3"},{"colorscale":[[0.0,"#0d0887"],[0.1111111111111111,"#46039f"],[0.2222222222222222,"#7201a8"],[0.3333333333333333,"#9c179e"],[0.4444444444444444,"#bd3786"],[0.5555555555555556,"#d8576b"],[0.6666666666666666,"#ed7953"],[0.7777777777777778,"#fb9f3a"],[0.8888888888888888,"#fdca26"],[1.0,"#f0f921"]],"name":"NN","showlegend":true,"showscale":false,"x":[0.01,0.06157894736842105,0.1131578947368421,0.16473684210526315,0.2163157894736842,0.26789473684210524,0.3194736842105263,0.37105263157894736,0.4226315789473684,0.47421052631578947,0.5257894736842105,0.5773684210526315,0.6289473684210526,0.6805263157894736,0.7321052631578947,0.7836842105263158,0.8352631578947368,0.8868421052631579,0.9384210526315789,0.99],"y":[1e-05,0.144560514746047,0.289111029492094,0.433661544238141,0.5782120589841879,0.7227625737302349,0.867313088476282,1.011863603222329,1.156414117968376,1.300964632714423],"z":[[0.999843860761983,0.9999999741701366,0.9999999897619708,0.9999999917372722,0.9999999923355178,0.9999999925949755,0.9999999927365221,0.9999999928259098,0.9999999928876492,0.9999999929328696,0.9999999929674767,0.9999999929949426,0.9999999930174361,0.9999999930363626,0.999999993052655,0.999999993066946,0.9999999930796727,0.9999999930911426,0.9999999931015774,0.9999999931111397],[0.8274220153042336,0.9957038933453554,0.9999999813752406,0.9999999915376084,0.9999999924451367,0.9999999926790433,0.9999999927709129,0.9999999928276115,0.9999999928729238,0.9999999929117657,0.9999999929453705,0.999999992974465,0.9999999929997312,0.9999999930217977,0.999999993041203,0.9999999930583896,0.9999999930737136,0.99999999308746,0.9999999930998579,0.9999999931110928],[0.8143943503620122,0.9794960020240884,0.9964811980982166,0.9999999371779459,0.9999999916268126,0.9999999927927242,0.9999999929922324,0.9999999930177079,0.9999999930038049,0.9999999929910621,0.9999999929885736,0.9999999929950765,0.9999999930072736,0.9999999930223821,0.9999999930385413,0.9999999930546375,0.9999999930700598,0.999999993084509,0.9999999930978705,0.9999999931101345],[0.8106105945287064,0.9741072848478101,0.991246848935006,0.9974493128689434,0.999997954697969,0.9999999880346767,0.9999999926245882,0.9999999930899846,0.9999999931981159,0.9999999932084063,0.9999999931823118,0.9999999931476681,0.9999999931181647,0.9999999930986975,0.9999999930892136,0.9999999930876087,0.9999999930914163,0.9999999930985404,0.9999999931074411,0.9999999931170837],[0.8087230392764235,0.9714154612127667,0.9886423292589372,0.9949546290798398,0.9980846884869533,0.9998425170439574,0.999999963697331,0.9999999909692423,0.9999999928226816,0.999999993164946,0.9999999932738365,0.9999999933079721,0.9999999933050708,0.9999999932818187,0.9999999932498397,0.9999999932178625,0.9999999931913292,0.9999999931724423,0.9999999931610567,0.9999999931558269],[0.8075367211027563,0.9697954468645821,0.9870715184128928,0.9934636568300758,0.9966707163285518,0.9985195089839267,0.9996605310462746,0.9999998364074636,0.9999999823006032,0.9999999913777881,0.9999999927772738,0.9999999931361758,0.9999999932719579,0.999999993334151,0.9999999933603859,0.9999999933632251,0.9999999933493534,0.9999999933247733,0.999999993295612,0.9999999932672332],[0.8066005795678912,0.9687145519748578,0.9860236673056515,0.9924655817145988,0.995730889659424,0.997633769631407,0.99883369294895,0.999618579142447,0.9999974586425253,0.9999999567372492,0.9999999852424151,0.9999999910961673,0.9999999925517059,0.9999999930186966,0.99999999321091,0.9999999933069801,0.9999999933602273,0.9999999933885403,0.9999999933985166,0.9999999933935246],[0.80581141286126,0.9679421902807211,0.9852754272279272,0.9917541809481756,0.9950579539244729,0.997003699933675,0.9982423102928156,0.9990707899774779,0.9996340545937864,0.9999790565810431,0.9999998843638552,0.9999999696972212,0.9999999852233202,0.9999999903409823,0.9999999921070531,0.9999999927852312,0.9999999930837662,0.9999999932345068,0.9999999933201799,0.9999999933725199],[0.805237871883598,0.9673616934844392,0.9847133618701195,0.9912224707022944,0.9945539195645479,0.9965295628114327,0.9978003662718808,0.9986583702530376,0.9992554548175779,0.9996717305130796,0.9999516205572174,0.9999995270157384,0.9999999414681958,0.9999999725990861,0.9999999840298094,0.9999999891324948,0.9999999913781978,0.999999992385208,0.9999999928626516,0.999999993106995],[0.805051104761744,0.9669086559513363,0.9842748580227896,0.9908089083816163,0.9941618780389543,0.9961583474310126,0.9974539657073327,0.9983373052869094,0.9989591181949752,0.999402750717998,0.9997171657327428,0.9999364855428828,0.9999981375695339,0.9999998763957519,0.9999999531383751,0.9999999725684678,0.9999999822158919,0.999999987516655,0.9999999903248462,0.9999999917675265]],"type":"surface","scene":"scene4"},{"colorscale":[[0.0,"#0d0887"],[0.1111111111111111,"#46039f"],[0.2222222222222222,"#7201a8"],[0.3333333333333333,"#9c179e"],[0.4444444444444444,"#bd3786"],[0.5555555555555556,"#d8576b"],[0.6666666666666666,"#ed7953"],[0.7777777777777778,"#fb9f3a"],[0.8888888888888888,"#fdca26"],[1.0,"#f0f921"]],"name":"NN","showlegend":true,"showscale":false,"x":[0.01,0.06157894736842105,0.1131578947368421,0.16473684210526315,0.2163157894736842,0.26789473684210524,0.3194736842105263,0.37105263157894736,0.4226315789473684,0.47421052631578947,0.5257894736842105,0.5773684210526315,0.6289473684210526,0.6805263157894736,0.7321052631578947,0.7836842105263158,0.8352631578947368,0.8868421052631579,0.9384210526315789,0.99],"y":[1e-05,0.24240772690723,0.48480545381446,0.72720318072169,0.96960090762892,1.21199863453615,1.45439636144338,1.69679408835061,1.93919181525784,2.18158954216506],"z":[[0.8091588244784406,0.9710718155362928,0.9882629621537369,0.9945612331149021,0.997680539721126,0.9994424175935518,0.9999998754660334,0.9999999879745478,0.9999999924488062,0.9999999930849518,0.9999999932720097,0.999999993345818,0.9999999933705439,0.9999999933668033,0.9999999933460988,0.9999999933175784,0.9999999932885036,0.9999999932635321,0.9999999932446417,0.999999993231851],[0.8090695904572729,0.9711598089613559,0.9883574140878004,0.9946590998006891,0.9977816519831096,0.9995428760881395,0.9999999183567067,0.999999989040462,0.999999992571535,0.999999993112195,0.9999999932766618,0.9999999933401446,0.9999999933579237,0.9999999933491052,0.9999999933251594,0.9999999932952569,0.9999999932663495,0.9999999932425506,0.9999999932253041,0.9999999932142531],[0.8089625703831422,0.9712458530078598,0.9884518363572594,0.9947571949814372,0.9978828361584057,0.9996455604266127,0.9999999407165396,0.9999999898541454,0.9999999926721059,0.9999999931343043,0.9999999932785282,0.9999999933320215,0.999999993342876,0.9999999933290821,0.9999999933021453,0.9999999932711882,0.9999999932427565,0.9999999932203666,0.9999999932049247,0.9999999931957189],[0.8088449648699181,0.9713308539552951,0.9885466934063253,0.9948556751882152,0.9979839209999057,0.9997479164626609,0.9999999544193977,0.999999990481242,0.9999999927547368,0.999999993151764,0.9999999932775981,0.999999993321335,0.9999999933252899,0.9999999933066671,0.9999999932770367,0.9999999932453804,0.9999999932177396,0.99999999319699,0.9999999931835052,0.9999999931762428],[0.8087230392764235,0.9714154612127667,0.9886423292589372,0.9949546290798398,0.9980846884869533,0.9998425170439574,0.999999963697331,0.9999999909692423,0.9999999928226816,0.999999993164946,0.9999999932738365,0.9999999933079721,0.9999999933050708,0.9999999932818187,0.9999999932498397,0.9999999932178625,0.9999999931913292,0.9999999931724423,0.9999999931610567,0.9999999931558269],[0.8086025214536644,0.9715000905802339,0.9887389743799769,0.9950540817482573,0.9981848845146267,0.9999176617920386,0.9999999703416891,0.999999991352623,0.9999999928784566,0.9999999931741302,0.9999999932671905,0.9999999932918272,0.9999999932821476,0.9999999932545255,0.9999999932205885,0.9999999931886862,0.9999999931635726,0.999999993146758,0.9999999931376006,0.9999999931344823],[0.8084889377525245,0.9715849497496655,0.988836754519772,0.995154000518281,0.9982842314581036,0.9999649310293517,0.9999999752490308,0.9999999916565394,0.9999999929240132,0.9999999931795213,0.999999993257597,0.9999999932728101,0.99999999325648,0.9999999932248119,0.9999999931893491,0.9999999931579269,0.9999999931345349,0.9999999931199857,0.9999999931131698,0.9999999931122294],[0.8083878798115913,0.9716700651024469,0.988935701031091,0.9952543019233484,0.9983824418985068,0.9999873956972517,0.9999999789391354,0.9999999918994614,0.999999992960867,0.9999999931812648,0.9999999932449917,0.9999999932508539,0.9999999932280653,0.9999999931927415,0.9999999931562196,0.9999999931256842,0.9999999931042994,0.999999993092188,0.9999999930878092,0.9999999930890996],[0.8083051996974974,0.9717553089793393,0.9890357621601824,0.9953548595129252,0.9984792326444873,0.9999957201091273,0.9999999817475093,0.9999999920950486,0.9999999929901973,0.9999999931794615,0.9999999932293168,0.999999993225924,0.999999993196944,0.9999999931584193,0.9999999931213308,0.9999999930920817,0.999999993072967,0.9999999930634422,0.9999999930615765,0.999999993065135],[0.8082471353442403,0.9718404267421515,0.9891368148575765,0.9954555121468571,0.9985743380778905,0.9999984202725197,0.9999999839054678,0.9999999922534824,0.9999999930129237,0.999999993174182,0.9999999932105316,0.9999999931980255,0.999999993163204,0.9999999931219924,0.9999999930848451,0.9999999930572651,0.9999999930406561,0.9999999930338401,0.9999999930345419,0.9999999930403897]],"type":"surface","scene":"scene5"},{"colorscale":[[0.0,"#0d0887"],[0.1111111111111111,"#46039f"],[0.2222222222222222,"#7201a8"],[0.3333333333333333,"#9c179e"],[0.4444444444444444,"#bd3786"],[0.5555555555555556,"#d8576b"],[0.6666666666666666,"#ed7953"],[0.7777777777777778,"#fb9f3a"],[0.8888888888888888,"#fdca26"],[1.0,"#f0f921"]],"name":"NN","showlegend":true,"showscale":false,"x":[0.01,0.06157894736842105,0.1131578947368421,0.16473684210526315,0.2163157894736842,0.26789473684210524,0.3194736842105263,0.37105263157894736,0.4226315789473684,0.47421052631578947,0.5257894736842105,0.5773684210526315,0.6289473684210526,0.6805263157894736,0.7321052631578947,0.7836842105263158,0.8352631578947368,0.8868421052631579,0.9384210526315789,0.99],"y":[-0.09930562493060069,-0.0772377082793561,-0.055169791628111496,-0.033101874976866896,-0.011033958325622303,0.01103395832562229,0.033101874976866896,0.055169791628111475,0.07723770827935608,0.09930562493060069],"z":[[0.808681959969681,0.9714170044291883,0.9886437246988188,0.9949556176037531,0.9980852456112241,0.9998430195984509,0.9999999638365179,0.9999999909825935,0.9999999928253266,0.9999999931657455,0.999999993274003,0.9999999933077568,0.9999999933045709,0.9999999932811262,0.9999999932490552,0.9999999932170691,0.9999999931905734,0.9999999931717353,0.9999999931603887,0.9999999931551816],[0.8086924418892452,0.9714166059107873,0.988643358383339,0.99495535502427,0.9980850939365441,0.9998428855758509,0.999999963800926,0.9999999909792139,0.9999999928246597,0.9999999931655441,0.9999999932739609,0.9999999933078106,0.999999993304696,0.9999999932812995,0.9999999932492513,0.9999999932172674,0.9999999931907622,0.9999999931719119,0.9999999931605555,0.9999999931553429],[0.8087027821560119,0.9714162158716134,0.9886430037115703,0.9949551027477308,0.9980849505251987,0.9998427571380388,0.9999999637658628,0.999999990975862,0.9999999928239965,0.9999999931653438,0.9999999932739192,0.9999999933078645,0.9999999933048211,0.9999999932814727,0.9999999932494474,0.9999999932174657,0.999999993190951,0.9999999931720885,0.9999999931607226,0.9999999931555043],[0.8087129811572922,0.971415834307144,0.9886426606734657,0.994954860768236,0.9980848153758113,0.9998426342918785,0.9999999637313303,0.9999999909725381,0.9999999928233372,0.9999999931651444,0.9999999932738777,0.9999999933079183,0.999999993304946,0.9999999932816457,0.9999999932496435,0.9999999932176641,0.99999999319114,0.9999999931722654,0.9999999931608896,0.9999999931556656],[0.8087230392764235,0.9714154612127667,0.9886423292589372,0.9949546290798398,0.9980846884869533,0.9998425170439574,0.999999963697331,0.9999999909692423,0.9999999928226816,0.999999993164946,0.9999999932738365,0.9999999933079721,0.9999999933050708,0.9999999932818187,0.9999999932498397,0.9999999932178625,0.9999999931913292,0.9999999931724423,0.9999999931610567,0.9999999931558269],[0.8087329568927829,0.9714150965837798,0.9886420094578564,0.9949544076765496,0.9980845698571456,0.9998424054005884,0.9999999636638672,0.9999999909659748,0.9999999928220297,0.9999999931647487,0.9999999932737956,0.9999999933080259,0.9999999933051955,0.9999999932819914,0.9999999932500357,0.9999999932180611,0.9999999931915183,0.9999999931726192,0.9999999931612238,0.9999999931559882],[0.8087427343817961,0.9714147404153921,0.9886417012600539,0.9949541965523272,0.9980844594848579,0.9998422993678097,0.9999999636309412,0.9999999909627357,0.9999999928213816,0.9999999931645525,0.999999993273755,0.9999999933080796,0.99999999330532,0.9999999932821642,0.9999999932502318,0.9999999932182597,0.9999999931917077,0.9999999931727964,0.999999993161391,0.9999999931561494],[0.8087523721149541,0.9714143927027233,0.9886414046553199,0.9949539957010883,0.9980843573685101,0.999842198951386,0.999999963598555,0.9999999909595253,0.9999999928207374,0.9999999931643572,0.9999999932737147,0.9999999933081333,0.9999999933054443,0.9999999932823367,0.9999999932504279,0.9999999932184584,0.9999999931918971,0.9999999931729736,0.9999999931615582,0.9999999931563106],[0.8087618704598202,0.9714140534408037,0.9886411196334045,0.9949538051167038,0.9980842635064721,0.9998421041568095,0.999999963566711,0.9999999909563437,0.999999992820097,0.9999999931641629,0.9999999932736747,0.999999993308187,0.9999999933055685,0.9999999932825092,0.9999999932506239,0.9999999932186572,0.9999999931920868,0.9999999931731509,0.9999999931617255,0.9999999931564718],[0.8087712297800451,0.9714137226245743,0.9886408461840176,0.9949536247929991,0.9980841778970637,0.9998420149893001,0.9999999635354112,0.9999999909531913,0.9999999928194605,0.9999999931639697,0.999999993273635,0.9999999933082406,0.9999999933056926,0.9999999932826815,0.9999999932508199,0.999999993218856,0.9999999931922765,0.9999999931733282,0.9999999931618927,0.9999999931566329]],"type":"surface","scene":"scene6"}],"layout":{"template":{"data":{"histogram2dcontour":[{"type":"histogram2dcontour","colorbar":{"outlinewidth":0,"ticks":""},"colorscale":[[0.0,"#0d0887"],[0.1111111111111111,"#46039f"],[0.2222222222222222,"#7201a8"],[0.3333333333333333,"#9c179e"],[0.4444444444444444,"#bd3786"],[0.5555555555555556,"#d8576b"],[0.6666666666666666,"#ed7953"],[0.7777777777777778,"#fb9f3a"],[0.8888888888888888,"#fdca26"],[1.0,"#f0f921"]]}],"choropleth":[{"type":"choropleth","colorbar":{"outlinewidth":0,"ticks":""}}],"histogram2d":[{"type":"histogram2d","colorbar":{"outlinewidth":0,"ticks":""},"colorscale":[[0.0,"#0d0887"],[0.1111111111111111,"#46039f"],[0.2222222222222222,"#7201a8"],[0.3333333333333333,"#9c179e"],[0.4444444444444444,"#bd3786"],[0.5555555555555556,"#d8576b"],[0.6666666666666666,"#ed7953"],[0.7777777777777778,"#fb9f3a"],[0.8888888888888888,"#fdca26"],[1.0,"#f0f921"]]}],"heatmap":[{"type":"heatmap","colorbar":{"outlinewidth":0,"ticks":""},"colorscale":[[0.0,"#0d0887"],[0.1111111111111111,"#46039f"],[0.2222222222222222,"#7201a8"],[0.3333333333333333,"#9c179e"],[0.4444444444444444,"#bd3786"],[0.5555555555555556,"#d8576b"],[0.6666666666666666,"#ed7953"],[0.7777777777777778,"#fb9f3a"],[0.8888888888888888,"#fdca26"],[1.0,"#f0f921"]]}],"heatmapgl":[{"type":"heatmapgl","colorbar":{"outlinewidth":0,"ticks":""},"colorscale":[[0.0,"#0d0887"],[0.1111111111111111,"#46039f"],[0.2222222222222222,"#7201a8"],[0.3333333333333333,"#9c179e"],[0.4444444444444444,"#bd3786"],[0.5555555555555556,"#d8576b"],[0.6666666666666666,"#ed7953"],[0.7777777777777778,"#fb9f3a"],[0.8888888888888888,"#fdca26"],[1.0,"#f0f921"]]}],"contourcarpet":[{"type":"contourcarpet","colorbar":{"outlinewidth":0,"ticks":""}}],"contour":[{"type":"contour","colorbar":{"outlinewidth":0,"ticks":""},"colorscale":[[0.0,"#0d0887"],[0.1111111111111111,"#46039f"],[0.2222222222222222,"#7201a8"],[0.3333333333333333,"#9c179e"],[0.4444444444444444,"#bd3786"],[0.5555555555555556,"#d8576b"],[0.6666666666666666,"#ed7953"],[0.7777777777777778,"#fb9f3a"],[0.8888888888888888,"#fdca26"],[1.0,"#f0f921"]]}],"surface":[{"type":"surface","colorbar":{"outlinewidth":0,"ticks":""},"colorscale":[[0.0,"#0d0887"],[0.1111111111111111,"#46039f"],[0.2222222222222222,"#7201a8"],[0.3333333333333333,"#9c179e"],[0.4444444444444444,"#bd3786"],[0.5555555555555556,"#d8576b"],[0.6666666666666666,"#ed7953"],[0.7777777777777778,"#fb9f3a"],[0.8888888888888888,"#fdca26"],[1.0,"#f0f921"]]}],"mesh3d":[{"type":"mesh3d","colorbar":{"outlinewidth":0,"ticks":""}}],"scatter":[{"fillpattern":{"fillmode":"overlay","size":10,"solidity":0.2},"type":"scatter"}],"parcoords":[{"type":"parcoords","line":{"colorbar":{"outlinewidth":0,"ticks":""}}}],"scatterpolargl":[{"type":"scatterpolargl","marker":{"colorbar":{"outlinewidth":0,"ticks":""}}}],"bar":[{"error_x":{"color":"#2a3f5f"},"error_y":{"color":"#2a3f5f"},"marker":{"line":{"color":"#E5ECF6","width":0.5},"pattern":{"fillmode":"overlay","size":10,"solidity":0.2}},"type":"bar"}],"scattergeo":[{"type":"scattergeo","marker":{"colorbar":{"outlinewidth":0,"ticks":""}}}],"scatterpolar":[{"type":"scatterpolar","marker":{"colorbar":{"outlinewidth":0,"ticks":""}}}],"histogram":[{"marker":{"pattern":{"fillmode":"overlay","size":10,"solidity":0.2}},"type":"histogram"}],"scattergl":[{"type":"scattergl","marker":{"colorbar":{"outlinewidth":0,"ticks":""}}}],"scatter3d":[{"type":"scatter3d","line":{"colorbar":{"outlinewidth":0,"ticks":""}},"marker":{"colorbar":{"outlinewidth":0,"ticks":""}}}],"scattermapbox":[{"type":"scattermapbox","marker":{"colorbar":{"outlinewidth":0,"ticks":""}}}],"scatterternary":[{"type":"scatterternary","marker":{"colorbar":{"outlinewidth":0,"ticks":""}}}],"scattercarpet":[{"type":"scattercarpet","marker":{"colorbar":{"outlinewidth":0,"ticks":""}}}],"carpet":[{"aaxis":{"endlinecolor":"#2a3f5f","gridcolor":"white","linecolor":"white","minorgridcolor":"white","startlinecolor":"#2a3f5f"},"baxis":{"endlinecolor":"#2a3f5f","gridcolor":"white","linecolor":"white","minorgridcolor":"white","startlinecolor":"#2a3f5f"},"type":"carpet"}],"table":[{"cells":{"fill":{"color":"#EBF0F8"},"line":{"color":"white"}},"header":{"fill":{"color":"#C8D4E3"},"line":{"color":"white"}},"type":"table"}],"barpolar":[{"marker":{"line":{"color":"#E5ECF6","width":0.5},"pattern":{"fillmode":"overlay","size":10,"solidity":0.2}},"type":"barpolar"}],"pie":[{"automargin":true,"type":"pie"}]},"layout":{"autotypenumbers":"strict","colorway":["#636efa","#EF553B","#00cc96","#ab63fa","#FFA15A","#19d3f3","#FF6692","#B6E880","#FF97FF","#FECB52"],"font":{"color":"#2a3f5f"},"hovermode":"closest","hoverlabel":{"align":"left"},"paper_bgcolor":"white","plot_bgcolor":"#E5ECF6","polar":{"bgcolor":"#E5ECF6","angularaxis":{"gridcolor":"white","linecolor":"white","ticks":""},"radialaxis":{"gridcolor":"white","linecolor":"white","ticks":""}},"ternary":{"bgcolor":"#E5ECF6","aaxis":{"gridcolor":"white","linecolor":"white","ticks":""},"baxis":{"gridcolor":"white","linecolor":"white","ticks":""},"caxis":{"gridcolor":"white","linecolor":"white","ticks":""}},"coloraxis":{"colorbar":{"outlinewidth":0,"ticks":""}},"colorscale":{"sequential":[[0.0,"#0d0887"],[0.1111111111111111,"#46039f"],[0.2222222222222222,"#7201a8"],[0.3333333333333333,"#9c179e"],[0.4444444444444444,"#bd3786"],[0.5555555555555556,"#d8576b"],[0.6666666666666666,"#ed7953"],[0.7777777777777778,"#fb9f3a"],[0.8888888888888888,"#fdca26"],[1.0,"#f0f921"]],"sequentialminus":[[0.0,"#0d0887"],[0.1111111111111111,"#46039f"],[0.2222222222222222,"#7201a8"],[0.3333333333333333,"#9c179e"],[0.4444444444444444,"#bd3786"],[0.5555555555555556,"#d8576b"],[0.6666666666666666,"#ed7953"],[0.7777777777777778,"#fb9f3a"],[0.8888888888888888,"#fdca26"],[1.0,"#f0f921"]],"diverging":[[0,"#8e0152"],[0.1,"#c51b7d"],[0.2,"#de77ae"],[0.3,"#f1b6da"],[0.4,"#fde0ef"],[0.5,"#f7f7f7"],[0.6,"#e6f5d0"],[0.7,"#b8e186"],[0.8,"#7fbc41"],[0.9,"#4d9221"],[1,"#276419"]]},"xaxis":{"gridcolor":"white","linecolor":"white","ticks":"","title":{"standoff":15},"zerolinecolor":"white","automargin":true,"zerolinewidth":2},"yaxis":{"gridcolor":"white","linecolor":"white","ticks":"","title":{"standoff":15},"zerolinecolor":"white","automargin":true,"zerolinewidth":2},"scene":{"xaxis":{"backgroundcolor":"#E5ECF6","gridcolor":"white","linecolor":"white","showbackground":true,"ticks":"","zerolinecolor":"white","gridwidth":2},"yaxis":{"backgroundcolor":"#E5ECF6","gridcolor":"white","linecolor":"white","showbackground":true,"ticks":"","zerolinecolor":"white","gridwidth":2},"zaxis":{"backgroundcolor":"#E5ECF6","gridcolor":"white","linecolor":"white","showbackground":true,"ticks":"","zerolinecolor":"white","gridwidth":2}},"shapedefaults":{"line":{"color":"#2a3f5f"}},"annotationdefaults":{"arrowcolor":"#2a3f5f","arrowhead":0,"arrowwidth":1},"geo":{"bgcolor":"white","landcolor":"#E5ECF6","subunitcolor":"white","showland":true,"showlakes":true,"lakecolor":"white"},"title":{"x":0.05},"mapbox":{"style":"light"}}},"scene":{"domain":{"x":[0.0,0.125],"y":[0.0,1.0]},"zaxis":{"title":{"text":"kappa"},"nticks":4,"range":[-0.0001,1.0292423266940325],"tickformat":".4f"},"xaxis":{"title":{"text":"V"}},"yaxis":{"title":{"text":"Vtilde"}}},"scene2":{"domain":{"x":[0.175,0.3],"y":[0.0,1.0]},"zaxis":{"title":{"text":"kappa"},"nticks":4,"range":[-0.0001,1.0292423266940325],"tickformat":".4f"},"xaxis":{"title":{"text":"Z"}},"yaxis":{"title":{"text":"Vtilde"}}},"scene3":{"domain":{"x":[0.35,0.475],"y":[0.0,1.0]},"zaxis":{"title":{"text":"kappa"},"nticks":4,"range":[-0.0001,1.0292423266940325],"tickformat":".4f"},"xaxis":{"title":{"text":"Z"}},"yaxis":{"title":{"text":"V"}}},"scene4":{"domain":{"x":[0.525,0.65],"y":[0.0,1.0]},"zaxis":{"title":{"text":"kappa"},"nticks":4,"range":[-0.0001,1.0292423266940325],"tickformat":".4f"},"xaxis":{"title":{"text":"W"}},"yaxis":{"title":{"text":"Vtilde"}}},"scene5":{"domain":{"x":[0.7,0.825],"y":[0.0,1.0]},"zaxis":{"title":{"text":"kappa"},"nticks":4,"range":[-0.0001,1.0292423266940325],"tickformat":".4f"},"xaxis":{"title":{"text":"W"}},"yaxis":{"title":{"text":"V"}}},"scene6":{"domain":{"x":[0.875,1.0],"y":[0.0,1.0]},"zaxis":{"title":{"text":"kappa"},"nticks":4,"range":[-0.0001,1.0292423266940325],"tickformat":".4f"},"xaxis":{"title":{"text":"W"}},"yaxis":{"title":{"text":"Z"}}},"annotations":[{"font":{"size":16},"showarrow":false,"text":"W fixed at 0.4742, Z fixed at -0.0110<br> MFR Suite Not Solved.","x":0.0625,"xanchor":"center","xref":"paper","y":1.0,"yanchor":"bottom","yref":"paper"},{"font":{"size":16},"showarrow":false,"text":"W fixed at 0.4742, V fixed at 0.9696<br> MFR Suite Not Solved.","x":0.2375,"xanchor":"center","xref":"paper","y":1.0,"yanchor":"bottom","yref":"paper"},{"font":{"size":16},"showarrow":false,"text":"W fixed at 0.4742, Vtilde fixed at 0.5782<br> MFR Suite Not Solved.","x":0.4125,"xanchor":"center","xref":"paper","y":1.0,"yanchor":"bottom","yref":"paper"},{"font":{"size":16},"showarrow":false,"text":"Z fixed at -0.0110, V fixed at 0.9696<br> MFR Suite Not Solved.","x":0.5875,"xanchor":"center","xref":"paper","y":1.0,"yanchor":"bottom","yref":"paper"},{"font":{"size":16},"showarrow":false,"text":"Z fixed at -0.0110, Vtilde fixed at 0.5782<br> MFR Suite Not Solved.","x":0.7625,"xanchor":"center","xref":"paper","y":1.0,"yanchor":"bottom","yref":"paper"},{"font":{"size":16},"showarrow":false,"text":"V fixed at 0.9696, Vtilde fixed at 0.5782<br> MFR Suite Not Solved.","x":0.9375,"xanchor":"center","xref":"paper","y":1.0,"yanchor":"bottom","yref":"paper"}],"title":{"text":"MRF vs NN - Kappa Policy Function<br><span style=\"font-size: 12px;\"> chiUnderline = 0.2, a_e = 0.15, a_h = 0.1, gamma_e = 0.5, gamma_h = 8.0, psi_e = 1.0, psi_h = 1.0</span>","x":0.5,"y":0.97,"yanchor":"top"},"height":700,"width":3500,"margin":{"t":150}}}