{"data":[{"colorscale":[[0.0,"#0d0887"],[0.1111111111111111,"#46039f"],[0.2222222222222222,"#7201a8"],[0.3333333333333333,"#9c179e"],[0.4444444444444444,"#bd3786"],[0.5555555555555556,"#d8576b"],[0.6666666666666666,"#ed7953"],[0.7777777777777778,"#fb9f3a"],[0.8888888888888888,"#fdca26"],[1.0,"#f0f921"]],"name":"NN","showlegend":true,"showscale":false,"x":[0.24240772690723,0.48480545381446,0.72720318072169,0.96960090762892,1.21199863453615,1.45439636144338,1.69679408835061,1.93919181525784],"y":[0.144560514746047,0.289111029492094,0.433661544238141,0.5782120589841879,0.7227625737302349,0.867313088476282,1.011863603222329,1.156414117968376],"z":[[0.019693967681500477,0.027851188952673824,0.0341104835660899,0.039387326034457826,0.04403632381539122,0.048239342638559474,0.052104419593962274,0.055701947041848554],[0.01969396768195166,0.027851188953326767,0.03411048356690383,0.039387326035409564,0.044036323816463614,0.04823934263973806,0.05210441959523403,0.05570194704312143],[0.019693967681699228,0.027851188953119606,0.03411048356683571,0.03938732603554613,0.04403632381685588,0.048239342640426466,0.052104419596249923,0.055701947044487644],[0.01969396767894835,0.027851188949611735,0.034110483562935556,0.03938732603143596,0.044036323812646876,0.04823934263619702,0.05210441959206321,0.055701947040400775],[0.0196939676189019,0.02785118888356092,0.034110483499407325,0.039387325973250925,0.04403632376052058,0.04823934258997088,0.0521044195512253,0.05570194700432339],[0.01969396401756605,0.027851186483392062,0.03411048180177434,0.03938732466201697,0.04403632268344206,0.04823934167449609,0.05210441876045591,0.05570194631686109],[0.019690544652325385,0.02784687068696038,0.03410652353044378,0.03938470725338108,0.04403508219668495,0.048238879718258104,0.052104258977118754,0.055701886836557066],[0.01969018993759147,0.027845870946989842,0.03410398320201085,0.039379805282689175,0.044027866178241906,0.048230022732731075,0.05209439889727265,0.05569160395473299]],"type":"surface","scene":"scene"},{"colorscale":[[0.0,"#0d0887"],[0.1111111111111111,"#46039f"],[0.2222222222222222,"#7201a8"],[0.3333333333333333,"#9c179e"],[0.4444444444444444,"#bd3786"],[0.5555555555555556,"#d8576b"],[0.6666666666666666,"#ed7953"],[0.7777777777777778,"#fb9f3a"],[0.8888888888888888,"#fdca26"],[1.0,"#f0f921"]],"name":"NN","showlegend":true,"showscale":false,"x":[-0.0772377082793561,-0.055169791628111496,-0.033101874976866896,-0.011033958325622303,0.01103395832562229,0.033101874976866896,0.055169791628111475,0.07723770827935608],"y":[0.144560514746047,0.289111029492094,0.433661544238141,0.5782120589841879,0.7227625737302349,0.867313088476282,1.011863603222329,1.156414117968376],"z":[[0.03938732603445952,0.03938732603445895,0.03938732603445839,0.039387326034457826,0.03938732603445727,0.03938732603445672,0.039387326034456174,0.039387326034455626],[0.03938732603541076,0.03938732603541036,0.03938732603540996,0.039387326035409564,0.039387326035409176,0.03938732603540878,0.039387326035408385,0.039387326035407996],[0.03938732603554985,0.039387326035548606,0.039387326035547364,0.03938732603554613,0.03938732603554489,0.03938732603554365,0.039387326035542417,0.039387326035541174],[0.03938732603145096,0.039387326031445936,0.039387326031440933,0.03938732603143596,0.039387326031431004,0.03938732603142608,0.03938732603142117,0.0393873260314163],[0.03938732597347958,0.039387325973402526,0.03938732597332631,0.039387325973250925,0.03938732597317638,0.03938732597310268,0.03938732597302983,0.03938732597295783],[0.039387324664117776,0.03938732466339965,0.03938732466269937,0.03938732466201697,0.03938732466135249,0.039387324660705963,0.03938732466007742,0.039387324659466885],[0.039384706428381246,0.03938470666183532,0.03938470693685399,0.03938470725338108,0.03938470761135996,0.039384708010733634,0.03938470845144458,0.03938470893343494],[0.039379803102933264,0.039379803826257956,0.039379804552845246,0.039379805282689175,0.03937980601578373,0.03937980675212286,0.039379807491700454,0.039379808234510344]],"type":"surface","scene":"scene2"},{"colorscale":[[0.0,"#0d0887"],[0.1111111111111111,"#46039f"],[0.2222222222222222,"#7201a8"],[0.3333333333333333,"#9c179e"],[0.4444444444444444,"#bd3786"],[0.5555555555555556,"#d8576b"],[0.6666666666666666,"#ed7953"],[0.7777777777777778,"#fb9f3a"],[0.8888888888888888,"#fdca26"],[1.0,"#f0f921"]],"name":"NN","showlegend":true,"showscale":false,"x":[-0.0772377082793561,-0.055169791628111496,-0.033101874976866896,-0.011033958325622303,0.01103395832562229,0.033101874976866896,0.055169791628111475,0.07723770827935608],"y":[0.24240772690723,0.48480545381446,0.72720318072169,0.96960090762892,1.21199863453615,1.45439636144338,1.69679408835061,1.93919181525784],"z":[[0.019693967678958417,0.01969396767895504,0.019693967678951683,0.01969396767894835,0.019693967678945035,0.019693967678941743,0.019693967678938475,0.019693967678935227],[0.02785118894962455,0.027851188949620253,0.027851188949615982,0.027851188949611735,0.027851188949607517,0.027851188949603322,0.02785118894959915,0.02785118894959501],[0.03411048356294978,0.034110483562945014,0.034110483562940275,0.034110483562935556,0.034110483562930866,0.0341104835629262,0.03411048356292157,0.03411048356291696],[0.03938732603145096,0.039387326031445936,0.039387326031440933,0.03938732603143596,0.039387326031431004,0.03938732603142608,0.03938732603142117,0.0393873260314163],[0.04403632381266236,0.04403632381265718,0.04403632381265202,0.044036323812646876,0.04403632381264176,0.044036323812636675,0.04403632381263161,0.044036323812626565],[0.048239342636212844,0.04823934263620755,0.048239342636202276,0.04823934263619702,0.04823934263619179,0.04823934263618659,0.0482393426361814,0.048239342636176234],[0.052104419592079336,0.05210441959207394,0.05210441959206857,0.05210441959206321,0.052104419592057874,0.052104419592052566,0.05210441959204727,0.052104419592042005],[0.05570194704041722,0.05570194704041172,0.055701947040406236,0.055701947040400775,0.055701947040395335,0.05570194704038991,0.0557019470403845,0.05570194704037912]],"type":"surface","scene":"scene3"},{"colorscale":[[0.0,"#0d0887"],[0.1111111111111111,"#46039f"],[0.2222222222222222,"#7201a8"],[0.3333333333333333,"#9c179e"],[0.4444444444444444,"#bd3786"],[0.5555555555555556,"#d8576b"],[0.6666666666666666,"#ed7953"],[0.7777777777777778,"#fb9f3a"],[0.8888888888888888,"#fdca26"],[1.0,"#f0f921"]],"name":"NN","showlegend":true,"showscale":false,"x":[0.06157894736842105,0.1131578947368421,0.16473684210526315,0.2163157894736842,0.26789473684210524,0.3194736842105263,0.37105263157894736,0.4226315789473684,0.47421052631578947,0.5257894736842105,0.5773684210526315,0.6289473684210526,0.6805263157894736,0.7321052631578947,0.7836842105263158,0.8352631578947368,0.8868421052631579,0.9384210526315789],"y":[0.144560514746047,0.289111029492094,0.433661544238141,0.5782120589841879,0.7227625737302349,0.867313088476282,1.011863603222329,1.156414117968376],"z":[[0.039760914651451304,0.03938732633542432,0.03938732604042142,0.039387326034723086,0.03938732603453658,0.039387326034606734,0.03938732603457086,0.039387326034505225,0.039387326034457826,0.039387326034435816,0.03938732603443269,0.039387326034441034,0.03938732603451115,0.0393873260345852,0.039387326034657735,0.039387326034731746,0.03938732603481747,0.03938732603493481],[0.039724072749044284,0.03944807067583339,0.03938732702718456,0.03938732603141462,0.0393873260330953,0.03938732603452962,0.039387326035312045,0.039387326035528906,0.039387326035409564,0.039387326035174475,0.03938732603494485,0.03938732603476399,0.03938732603463712,0.03938732603455601,0.039387326034509756,0.03938732603453431,0.03938732603460044,0.03938732603472031],[0.039721583020018915,0.03944945349665454,0.03939856554978126,0.039387278935058376,0.03938732595110086,0.0393873260260884,0.03938732603251222,0.03938732603447173,0.03938732603554613,0.03938732603610433,0.039387326036237826,0.039387326036079084,0.039387326035779435,0.03938732603545513,0.03938732603517077,0.039387326034950126,0.03938732603480875,0.039387326034781976],[0.03972065456012819,0.03944986661922163,0.03939877155689673,0.03938430849978349,0.039381067681314816,0.039387325152612215,0.039387325973208355,0.03938732602414968,0.03938732603143596,0.03938732603365664,0.03938732603488001,0.03938732603575702,0.03938732603635252,0.0393873260366341,0.03938732603661711,0.03938732603638598,0.03938732603605222,0.03938732603567128],[0.039720175469088674,0.039450114439918846,0.03939889688451972,0.03938415258659896,0.03937961975008697,0.03937863362079484,0.03938731505140352,0.03938732564937156,0.039387325973250925,0.03938732601952134,0.03938732602919945,0.039387326032238004,0.03938732603367961,0.03938732603468392,0.03938732603553938,0.03938732603625593,0.0393873260367518,0.03938732603692785],[0.039719859685842525,0.03945026311506976,0.03939897546026947,0.039384036857686856,0.03937931974252377,0.0393782285162667,0.03937869075554748,0.039386937031933175,0.03938732466201697,0.039387325743537635,0.039387325957777594,0.039387326009849254,0.039387326024627224,0.03938732602977958,0.03938732603201146,0.03938732603327541,0.03938732603423756,0.03938732603512319],[0.03971960156953327,0.039450389598663566,0.03939902538307222,0.03938395443548802,0.03937907702925309,0.039377861396873826,0.039378135300814854,0.03937916311125929,0.03938470725338108,0.03938731881235836,0.03938732524791506,0.03938732574951098,0.039387325927739074,0.039387325991875895,0.03938732601551953,0.03938732602502088,0.039387326029254786,0.03938732603139636],[0.03971940422706333,0.03945050056908174,0.039399066397237476,0.039383896706299375,0.039378890509419416,0.03937756274539615,0.03937772050297724,0.039378587313820726,0.039379805282689175,0.03938302327054537,0.03938727162011798,0.03938732399541221,0.03938732539720614,0.03938732572215789,0.03938732588336804,0.03938732596226744,0.039387325998890554,0.03938732601595014]],"type":"surface","scene":"scene4"},{"colorscale":[[0.0,"#0d0887"],[0.1111111111111111,"#46039f"],[0.2222222222222222,"#7201a8"],[0.3333333333333333,"#9c179e"],[0.4444444444444444,"#bd3786"],[0.5555555555555556,"#d8576b"],[0.6666666666666666,"#ed7953"],[0.7777777777777778,"#fb9f3a"],[0.8888888888888888,"#fdca26"],[1.0,"#f0f921"]],"name":"NN","showlegend":true,"showscale":false,"x":[0.06157894736842105,0.1131578947368421,0.16473684210526315,0.2163157894736842,0.26789473684210524,0.3194736842105263,0.37105263157894736,0.4226315789473684,0.47421052631578947,0.5257894736842105,0.5773684210526315,0.6289473684210526,0.6805263157894736,0.7321052631578947,0.7836842105263158,0.8352631578947368,0.8868421052631579,0.9384210526315789],"y":[0.24240772690723,0.48480545381446,0.72720318072169,0.96960090762892,1.21199863453615,1.45439636144338,1.69679408835061,1.93919181525784],"z":[[0.01986021741562979,0.019725179914298473,0.01969966616441335,0.019692451256735608,0.019690307623068896,0.019693966161928356,0.019693967618169925,0.019693967672566124,0.01969396767894835,0.019693967680529348,0.0196939676812558,0.019693967681756012,0.019693967682137315,0.019693967682389207,0.019693967682493957,0.019693967682466857,0.019693967682352806,0.01969396768220259],[0.028086469791845578,0.02789535600535181,0.027859259717046163,0.02784904689842659,0.02784597181228056,0.02785118767056505,0.027851188883120697,0.027851188942197395,0.027851188949611735,0.0278511889515775,0.027851188952541215,0.027851188953220814,0.0278511889537255,0.02785118895403327,0.027851188954128848,0.027851188954047073,0.027851188953858266,0.02785118895363335],[0.034398883839137584,0.03416461103161486,0.034120382433991854,0.03410786440867436,0.03410428959902928,0.03411048250882081,0.0341104834992229,0.03411048355540338,0.034110483562935556,0.03411048356507543,0.034110483566190584,0.034110483566987856,0.03411048356755791,0.03411048356787054,0.034110483567921915,0.034110483567770467,0.034110483567508634,0.03411048356721102],[0.03972065456012819,0.03944986661922163,0.03939877155689673,0.03938430849978349,0.039381067681314816,0.039387325152612215,0.039387325973208355,0.03938732602414968,0.03938732603143596,0.03938732603365664,0.03938732603488001,0.03938732603575702,0.03938732603635252,0.0393873260366341,0.03938732603661711,0.03938732603638598,0.03938732603605222,0.03938732603567128],[0.04440938032736709,0.04410628937167654,0.04404913538516883,0.04403296005457977,0.044031257118996116,0.04403632307467815,0.04403632376051993,0.04403632380575225,0.044036323812646876,0.04403632381490293,0.04403632381620709,0.044036323817133446,0.04403632381772061,0.04403632381794185,0.04403632381783827,0.0440363238175211,0.044036323817111055,0.04403632381667343],[0.048648462406363696,0.04831603095513714,0.04825339063979921,0.04823567142659361,0.048236262672321804,0.048239342014900655,0.048239342589941926,0.04823934262973715,0.04823934263619702,0.048239342638466465,0.048239342639830485,0.0482393426407781,0.048239342641326004,0.048239342641461964,0.0482393426412581,0.04823934264085159,0.04823934264034798,0.04823934263989775],[0.05254685262374063,0.05218729792165325,0.052119604124093305,0.05210047179964339,0.052103020433864854,0.0521044190684613,0.05210441955112485,0.05210441958603023,0.05210441959206321,0.052104419594335934,0.05210441959574094,0.05210441959668196,0.05210441959716153,0.05210441959719103,0.05210441959687716,0.05210441959637653,0.052104419595799444,0.052104419595351316],[0.05617554255560957,0.05579059298015563,0.05571818710572273,0.05569774821023867,0.05570142630265232,0.055701946598516204,0.05570194700412872,0.055701947034761945,0.055701947040400775,0.05570194704267212,0.055701947044098865,0.05570194704500484,0.05570194704538881,0.05570194704529445,0.05570194704486454,0.055701947044244124,0.05570194704364083,0.055701947043208404]],"type":"surface","scene":"scene5"},{"colorscale":[[0.0,"#0d0887"],[0.1111111111111111,"#46039f"],[0.2222222222222222,"#7201a8"],[0.3333333333333333,"#9c179e"],[0.4444444444444444,"#bd3786"],[0.5555555555555556,"#d8576b"],[0.6666666666666666,"#ed7953"],[0.7777777777777778,"#fb9f3a"],[0.8888888888888888,"#fdca26"],[1.0,"#f0f921"]],"name":"NN","showlegend":true,"showscale":false,"x":[0.06157894736842105,0.1131578947368421,0.16473684210526315,0.2163157894736842,0.26789473684210524,0.3194736842105263,0.37105263157894736,0.4226315789473684,0.47421052631578947,0.5257894736842105,0.5773684210526315,0.6289473684210526,0.6805263157894736,0.7321052631578947,0.7836842105263158,0.8352631578947368,0.8868421052631579,0.9384210526315789],"y":[-0.0772377082793561,-0.055169791628111496,-0.033101874976866896,-0.011033958325622303,0.01103395832562229,0.033101874976866896,0.055169791628111475,0.07723770827935608],"z":[[0.03972065104985844,0.0394498658183861,0.03939877048487422,0.03938430868839577,0.03938107151659671,0.039387325155494084,0.039387325973472644,0.03938732602419604,0.03938732603145096,0.03938732603366541,0.039387326034887316,0.03938732603576315,0.03938732603635656,0.039387326036635535,0.039387326036616384,0.03938732603638417,0.039387326036050344,0.03938732603566948],[0.039720652111650934,0.03944986608548653,0.03939877084677038,0.03938430862243325,0.0393810701453485,0.039387325154515956,0.039387325973383604,0.039387326024180484,0.039387326031445936,0.039387326033662476,0.03938732603488487,0.0393873260357611,0.03938732603635522,0.03938732603663506,0.039387326036616634,0.03938732603638477,0.03938732603605097,0.039387326035670106],[0.03972065328181583,0.03944986635242737,0.039398771204106765,0.03938430855956423,0.039381068866990866,0.03938732515355531,0.03938732597329551,0.03938732602416503,0.039387326031440933,0.039387326033659555,0.03938732603488244,0.03938732603575906,0.039387326036353865,0.039387326036634585,0.03938732603661687,0.039387326036385374,0.03938732603605159,0.0393873260356707],[0.03972065456012819,0.03944986661922163,0.03939877155689673,0.03938430849978349,0.039381067681314816,0.039387325152612215,0.039387325973208355,0.03938732602414968,0.03938732603143596,0.03938732603365664,0.03938732603488001,0.03938732603575702,0.03938732603635252,0.0393873260366341,0.03938732603661711,0.03938732603638598,0.03938732603605222,0.03938732603567128],[0.0397206559463647,0.03944986688588235,0.03939877190515361,0.03938430844308582,0.039381066588121315,0.03938732515168676,0.03938732597312216,0.03938732602413444,0.039387326031431004,0.03938732603365374,0.03938732603487759,0.03938732603575498,0.039387326036351165,0.03938732603663361,0.03938732603661734,0.03938732603638658,0.03938732603605285,0.03938732603567183],[0.039720657440303696,0.03944986715242254,0.03939877224889071,0.039384308389465994,0.03938106558722133,0.03938732515077902,0.03938732597303692,0.0393873260241193,0.03938732603142608,0.03938732603365085,0.039387326034875166,0.03938732603575294,0.039387326036349805,0.03938732603663312,0.03938732603661758,0.03938732603638718,0.03938732603605348,0.039387326035672354],[0.039720659041725136,0.03944986741885525,0.03939877258812134,0.03938430833891883,0.039381064678435815,0.03938732514988908,0.03938732597295265,0.03938732602410427,0.03938732603142117,0.039387326033647974,0.03938732603487276,0.03938732603575091,0.039387326036348445,0.03938732603663262,0.0393873260366178,0.03938732603638778,0.03938732603605411,0.039387326035672854],[0.03972066075041062,0.03944986768519355,0.039398772922858746,0.039384308291439116,0.03938106386159572,0.03938732514901701,0.03938732597286935,0.03938732602408934,0.0393873260314163,0.039387326033645115,0.03938732603487035,0.03938732603574887,0.039387326036347085,0.03938732603663212,0.03938732603661803,0.039387326036388386,0.03938732603605475,0.03938732603567333]],"type":"surface","scene":"scene6"},{"colorscale":[[0.0,"#0d0887"],[0.1111111111111111,"#46039f"],[0.2222222222222222,"#7201a8"],[0.3333333333333333,"#9c179e"],[0.4444444444444444,"#bd3786"],[0.5555555555555556,"#d8576b"],[0.6666666666666666,"#ed7953"],[0.7777777777777778,"#fb9f3a"],[0.8888888888888888,"#fdca26"],[1.0,"#f0f921"]],"name":"NN","showlegend":true,"showscale":false,"x":[0.24240772690723,0.48480545381446,0.72720318072169,0.96960090762892,1.21199863453615,1.45439636144338,1.69679408835061,1.93919181525784],"y":[0.144560514746047,0.289111029492094,0.433661544238141,0.5782120589841879,0.7227625737302349,0.867313088476282,1.011863603222329,1.156414117968376],"z":[[4.360525826935901e-15,7.135685237140293e-15,9.878976574962551e-15,1.2645945686896949e-14,1.5411131658021643e-14,1.8124816534824776e-14,2.0727426136433768e-14,2.3155951259233908e-14],[1.925296588920042e-15,3.5328828684434234e-15,5.272540867963605e-15,7.1023178910209945e-15,8.960150060466895e-15,1.0778233657522289e-14,1.248736005229966e-14,1.4020064311446612e-14],[1.1905499578926817e-15,2.5443245885760483e-15,4.214011982894071e-15,6.173839604397847e-15,8.39276646661401e-15,1.083234579569197e-14,1.34447369446563e-14,1.6172279523737748e-14],[-9.65678124327731e-15,-1.2026649001104607e-14,-1.2879490164967e-14,-1.2876240094785662e-14,-1.2289224250084364e-14,-1.1254911318372441e-14,-9.844459874345985e-15,-8.092801513449633e-15],[-1.4988572991612172e-13,-1.7547941587201973e-13,-1.7903776386471468e-13,-1.7338414046655178e-13,-1.6369232497743796e-13,-1.524346293396905e-13,-1.4085628503389782e-13,-1.2958286692098028e-13],[-3.6978429173022326e-12,-2.3875229352537826e-12,-1.6111971274155918e-12,-1.1761204961191601e-12,-9.122828302810262e-13,-7.376237787802979e-13,-6.143843878209912e-13,-5.241831668801001e-13],[-1.280433799077187e-09,-1.1139997073142041e-09,-5.138661115091687e-10,1.696112532498437e-11,1.8247280296674182e-10,1.3339053349701727e-10,6.846471369213464e-11,3.355013507277118e-11],[-6.868251979492821e-11,4.4871379737844256e-10,1.2966220436742329e-09,2.4876047789367823e-09,4.06820380599661e-09,6.065928602487897e-09,8.394953236285882e-09,1.0714683670211183e-08]],"type":"surface","scene":"scene7"},{"colorscale":[[0.0,"#0d0887"],[0.1111111111111111,"#46039f"],[0.2222222222222222,"#7201a8"],[0.3333333333333333,"#9c179e"],[0.4444444444444444,"#bd3786"],[0.5555555555555556,"#d8576b"],[0.6666666666666666,"#ed7953"],[0.7777777777777778,"#fb9f3a"],[0.8888888888888888,"#fdca26"],[1.0,"#f0f921"]],"name":"NN","showlegend":true,"showscale":false,"x":[-0.0772377082793561,-0.055169791628111496,-0.033101874976866896,-0.011033958325622303,0.01103395832562229,0.033101874976866896,0.055169791628111475,0.07723770827935608],"y":[0.144560514746047,0.289111029492094,0.433661544238141,0.5782120589841879,0.7227625737302349,0.867313088476282,1.011863603222329,1.156414117968376],"z":[[1.2612088081874883e-14,1.2623591560705759e-14,1.2634877490253412e-14,1.2645945686896949e-14,1.2656796960441034e-14,1.2667431729555436e-14,1.2677850218583886e-14,1.2688053052953198e-14],[7.017841339248756e-15,7.04621699810426e-15,7.074375934641952e-15,7.1023178910209945e-15,7.130042614130115e-15,7.157549968977389e-15,7.184839485615248e-15,7.21191115236819e-15],[6.171008823334445e-15,6.172140864496419e-15,6.173084324484612e-15,6.173839604397847e-15,6.174407007515509e-15,6.174787142973878e-15,6.174980219178574e-15,6.174986851242661e-15],[-1.3072800031208327e-14,-1.3007733821058246e-14,-1.2942213728264068e-14,-1.2876240094785662e-14,-1.2809813299282305e-14,-1.2742934171225091e-14,-1.2675603362453277e-14,-1.2607821557490405e-14],[-1.7760683263516788e-13,-1.762065548761717e-13,-1.747989683326798e-13,-1.7338414046655178e-13,-1.7196213700690489e-13,-1.7053302203863485e-13,-1.6909686461807698e-13,-1.676537321070584e-13],[-1.2543340138380792e-12,-1.2282929894151706e-12,-1.2022214711469607e-12,-1.1761204961191601e-12,-1.1499911122714248e-12,-1.1238343571446148e-12,-1.0976512816960198e-12,-1.0714429296606458e-12],[-7.093282968075824e-11,-4.160655159800343e-11,-1.2308150176577834e-11,1.696112532498437e-11,4.620003054925345e-11,7.540732603191663e-11,1.0458177719479311e-10,1.3372215433536835e-10],[2.331960563040478e-09,2.383899481366776e-09,2.435780810828266e-09,2.4876047789367823e-09,2.539371613267314e-09,2.5910815414586556e-09,2.6427347912050786e-09,2.6943315902553742e-09]],"type":"surface","scene":"scene8"},{"colorscale":[[0.0,"#0d0887"],[0.1111111111111111,"#46039f"],[0.2222222222222222,"#7201a8"],[0.3333333333333333,"#9c179e"],[0.4444444444444444,"#bd3786"],[0.5555555555555556,"#d8576b"],[0.6666666666666666,"#ed7953"],[0.7777777777777778,"#fb9f3a"],[0.8888888888888888,"#fdca26"],[1.0,"#f0f921"]],"name":"NN","showlegend":true,"showscale":false,"x":[-0.0772377082793561,-0.055169791628111496,-0.033101874976866896,-0.011033958325622303,0.01103395832562229,0.033101874976866896,0.055169791628111475,0.07723770827935608],"y":[0.24240772690723,0.48480545381446,0.72720318072169,0.96960090762892,1.21199863453615,1.45439636144338,1.69679408835061,1.93919181525784],"z":[[-9.818693000470573e-15,-9.76508841001427e-15,-9.711117612958523e-15,-9.65678124327731e-15,-9.60208043529209e-15,-9.547016194907611e-15,-9.49158955704496e-15,-9.435801585654978e-15],[-1.2220119326941892e-14,-1.2156071689138407e-14,-1.209158127117774e-14,-1.2026649001104607e-14,-1.1961275840699967e-14,-1.1895462977875512e-14,-1.1829211056278765e-14,-1.1762521522792792e-14],[-1.308022467111672e-14,-1.3013775270331563e-14,-1.2946863654873098e-14,-1.2879490164967e-14,-1.2811656014445513e-14,-1.2743361822639923e-14,-1.2674608452961699e-14,-1.2605396803072782e-14],[-1.3072800031208327e-14,-1.3007733821058246e-14,-1.2942213728264068e-14,-1.2876240094785662e-14,-1.2809813299282305e-14,-1.2742934171225091e-14,-1.2675603362453277e-14,-1.2607821557490405e-14],[-1.2475377320018e-14,-1.2413756377311974e-14,-1.2351705306075346e-14,-1.2289224250084364e-14,-1.2226313586045909e-14,-1.2162973918602519e-14,-1.2099205288115395e-14,-1.2035008556538233e-14],[-1.1426986985360605e-14,-1.1370025544698957e-14,-1.1312667002772476e-14,-1.1254911318372441e-14,-1.1196758663660648e-14,-1.1138209419565436e-14,-1.1079263630077468e-14,-1.1019921729448575e-14],[-1.0000175163051784e-14,-9.948628446580026e-15,-9.896723367928902e-15,-9.844459874345985e-15,-9.791838256677558e-15,-9.738858030902339e-15,-9.685519536814835e-15,-9.63182281869433e-15],[-8.230699463583437e-15,-8.185048831542188e-15,-8.13908284367506e-15,-8.092801513449633e-15,-8.046204608666039e-15,-7.999291789331652e-15,-7.952062999938445e-15,-7.90451794722599e-15]],"type":"surface","scene":"scene9"},{"colorscale":[[0.0,"#0d0887"],[0.1111111111111111,"#46039f"],[0.2222222222222222,"#7201a8"],[0.3333333333333333,"#9c179e"],[0.4444444444444444,"#bd3786"],[0.5555555555555556,"#d8576b"],[0.6666666666666666,"#ed7953"],[0.7777777777777778,"#fb9f3a"],[0.8888888888888888,"#fdca26"],[1.0,"#f0f921"]],"name":"NN","showlegend":true,"showscale":false,"x":[0.06157894736842105,0.1131578947368421,0.16473684210526315,0.2163157894736842,0.26789473684210524,0.3194736842105263,0.37105263157894736,0.4226315789473684,0.47421052631578947,0.5257894736842105,0.5773684210526315,0.6289473684210526,0.6805263157894736,0.7321052631578947,0.7836842105263158,0.8352631578947368,0.8868421052631579,0.9384210526315789],"y":[0.144560514746047,0.289111029492094,0.433661544238141,0.5782120589841879,0.7227625737302349,0.867313088476282,1.011863603222329,1.156414117968376],"z":[[2.415946105660845e-07,1.732459981830203e-13,-6.459464089661394e-15,-2.176739560671784e-15,2.3809260893142426e-15,5.881680679975388e-15,8.593572785688492e-15,1.0803769429585299e-14,1.2645945686896949e-14,1.4158011599646875e-14,1.5349716668359732e-14,1.6232610165745407e-14,1.6827366757093414e-14,1.7162584453655925e-14,1.727143953393203e-14,1.7188501841820854e-14,1.694736561006961e-14,1.6579142163465384e-14],[-7.717151600665396e-08,-2.362355148967427e-08,-2.955214733501421e-12,-4.803739439448501e-14,-6.8013582256008715e-15,5.853148173970169e-16,3.970519434352248e-15,5.831627443674844e-15,7.1023178910209945e-15,8.3088768399002e-15,9.596429010175664e-15,1.0902316105955328e-14,1.211426170340972e-14,1.3144239736674593e-14,1.3945695542113445e-14,1.4507283995630464e-14,1.4840993583768812e-14,1.497157282554539e-14],[-5.9085178462306824e-08,-4.219118278110185e-08,-2.120985836608625e-08,-3.7760318448077034e-10,-4.3085746392511324e-13,-3.9126741318236586e-14,-7.632695882075593e-15,1.2856536756464467e-15,6.173839604397847e-15,8.897262338557867e-15,9.971669610598723e-15,1.0118750055897112e-14,1.0027408093312255e-14,1.0081649081936601e-14,1.0369445259339859e-14,1.0819838992959209e-14,1.1320956651984781e-14,1.1779651515383669e-14],[-2.4282095974572947e-08,-2.1250526698877128e-08,-1.4756543167146827e-08,-7.990684029535808e-09,-7.447641814253496e-09,-2.1954230631114506e-12,-2.1358837388073804e-13,-4.255018891578647e-14,-1.2876240094785662e-14,-2.6713741364902268e-15,3.499514304633744e-15,8.117020335690023e-15,1.1251516384562268e-14,1.2763005597447679e-14,1.2919892830753385e-14,1.2312844303484464e-14,1.1516890728063704e-14,1.0876038866304423e-14],[-7.525891465153676e-10,-1.126278678103925e-09,-4.587358121995056e-09,-1.7484874037286147e-09,5.074373525632608e-10,-1.9078924236946586e-09,-1.1857403073052603e-11,-7.182547478764306e-13,-1.7338414046655178e-13,-5.488505997350389e-14,-2.199294781294948e-14,-9.375785635301773e-15,-2.3922339826075847e-15,2.9257433518171485e-15,7.513325810563949e-15,1.120898190732008e-14,1.358714717386017e-14,1.4482017838195738e-14],[9.904001110675198e-09,1.007223237824176e-08,1.6982167866381324e-09,8.149618826550069e-10,3.826599980265819e-09,4.422974606820799e-09,1.383525589600348e-09,-1.24050243749851e-10,-1.1761204961191601e-12,-4.130111432619756e-13,-1.7137248854255307e-13,-7.502313597575215e-14,-3.6112990405786176e-14,-1.8651455040723055e-14,-9.49917695276049e-15,-3.5388559097841405e-15,1.3252110803245461e-15,5.801394599570453e-15],[7.174951978407711e-09,1.3547401023693094e-08,3.3223866154757766e-09,-1.2850946687638175e-10,2.616758515852889e-09,5.804660393305977e-09,5.488703476628787e-09,2.5176832503515895e-09,1.696112532498437e-11,-2.4963057436532074e-12,-4.5421252343643036e-13,-2.850124022826711e-13,-1.7547824202865163e-13,-9.986252913792759e-14,-5.6113391654842533e-14,-3.202563682044738e-14,-1.854444218511149e-14,-1.0456651704361729e-14],[-7.3191641280815735e-09,1.1406417497106455e-08,1.728717767122512e-09,-3.37784046347831e-09,-1.2289071798769535e-09,3.461240491635361e-09,6.0672059339794605e-09,5.0771565673709095e-09,2.4876047789367823e-09,5.034770490585127e-10,-4.761060137256214e-12,-4.545962520018711e-13,-2.0771449591741695e-13,-1.963678581242337e-13,-1.6859924806800985e-13,-1.2159404052572992e-13,-7.959226286827941e-14,-4.99312658391534e-14]],"type":"surface","scene":"scene10"},{"colorscale":[[0.0,"#0d0887"],[0.1111111111111111,"#46039f"],[0.2222222222222222,"#7201a8"],[0.3333333333333333,"#9c179e"],[0.4444444444444444,"#bd3786"],[0.5555555555555556,"#d8576b"],[0.6666666666666666,"#ed7953"],[0.7777777777777778,"#fb9f3a"],[0.8888888888888888,"#fdca26"],[1.0,"#f0f921"]],"name":"NN","showlegend":true,"showscale":false,"x":[0.06157894736842105,0.1131578947368421,0.16473684210526315,0.2163157894736842,0.26789473684210524,0.3194736842105263,0.37105263157894736,0.4226315789473684,0.47421052631578947,0.5257894736842105,0.5773684210526315,0.6289473684210526,0.6805263157894736,0.7321052631578947,0.7836842105263158,0.8352631578947368,0.8868421052631579,0.9384210526315789],"y":[0.24240772690723,0.48480545381446,0.72720318072169,0.96960090762892,1.21199863453615,1.45439636144338,1.69679408835061,1.93919181525784],"z":[[-2.1783181430770433e-08,-1.2639223581944876e-08,-8.747825469718244e-09,-5.110225269367933e-09,-4.33311351212719e-09,-3.045822217927447e-12,-1.7769189356336415e-13,-3.1560773928024495e-14,-9.65678124327731e-15,-3.3969966071921423e-15,-2.739044782962603e-16,1.9129460920581527e-15,3.492220762295063e-15,4.410286837498351e-15,4.6869318002545144e-15,4.5146434272031936e-15,4.155281210137918e-15,3.809664886647178e-15],[-2.4268477045141277e-08,-1.5980300851562692e-08,-1.1265818370567946e-08,-6.535057156836134e-09,-6.1067951978020675e-09,-2.783496542766703e-12,-2.1113475651946337e-13,-3.909148299446099e-14,-1.2026649001104607e-14,-3.839850234801856e-15,5.208600260166561e-16,3.670839544623691e-15,5.919599266582759e-15,7.164835782548227e-15,7.476244137330087e-15,7.173684706178794e-15,6.644228833483575e-15,6.162141472564511e-15],[-2.4220880409437566e-08,-1.8446369007629514e-08,-1.3028863450049999e-08,-7.373676725508014e-09,-7.246643140914742e-09,-2.4622646377779928e-12,-2.1815673016767118e-13,-4.198021040812792e-14,-1.2879490164967e-14,-3.5165764976740707e-15,1.8054297124531266e-15,5.73728407447387e-15,8.487322146728071e-15,9.919807339927936e-15,1.0186530908972515e-14,9.739490199604151e-15,9.068042015926412e-15,8.491550087408002e-15],[-2.4282095974572947e-08,-2.1250526698877128e-08,-1.4756543167146827e-08,-7.990684029535808e-09,-7.447641814253496e-09,-2.1954230631114506e-12,-2.1358837388073804e-13,-4.255018891578647e-14,-1.2876240094785662e-14,-2.6713741364902268e-15,3.499514304633744e-15,8.117020335690023e-15,1.1251516384562268e-14,1.2763005597447679e-14,1.2919892830753385e-14,1.2312844303484464e-14,1.1516890728063704e-14,1.0876038866304423e-14],[-2.577619289576178e-08,-2.496277813645517e-08,-1.6768804609968125e-08,-8.531520945971733e-09,-6.253593798997641e-09,-1.9693963256286467e-12,-2.035895337720809e-13,-4.178947127912328e-14,-1.2289224250084364e-14,-1.3976396339542223e-15,5.5683949931644166e-15,1.0792928347100201e-14,1.42005097920406e-14,1.568837193725504e-14,1.5676195708554177e-14,1.489650117837499e-14,1.3993106777213087e-14,1.3316476257918813e-14],[-2.9510676500372413e-08,-2.990153659972718e-08,-1.9236851912452575e-08,-9.065868212288513e-09,-4.009359681055376e-09,-1.7702595862502496e-12,-1.9121359861024833e-13,-4.021692003422121e-14,-1.1254911318372441e-14,2.622875154848649e-16,7.988980201062039e-15,1.3734858263253772e-14,1.7295267631282007e-14,1.8656314519853102e-14,1.8420958487446468e-14,1.7461136373739533e-14,1.647052210841771e-14,1.5788702993096118e-14],[-3.6022012503943576e-08,-3.62529360038612e-08,-2.2258312690779105e-08,-9.63036821845763e-09,-1.9456132376717966e-09,-1.5917516020487913e-12,-1.7806451416299975e-13,-3.81272207463602e-14,-9.844459874345985e-15,2.2877740384796266e-15,1.0737699326064637e-14,1.689948031928578e-14,2.0478623976316054e-14,2.1608794968648826e-14,2.1102537663963364e-14,1.996191770093719e-14,1.8909147993156168e-14,1.8256183520963652e-14],[-4.568311334634662e-08,-4.41238249127825e-08,-2.5890123364538084e-08,-1.02469518567913e-08,-7.812082601142429e-10,-1.4316486058553755e-12,-1.649893481282211e-13,-3.569043141418263e-14,-8.092801513449633e-15,4.666565586513438e-15,1.378411892233874e-14,2.022966267441495e-14,2.3679354961412126e-14,2.4476018441605557e-14,2.3659495262359552e-14,2.2345395729224532e-14,2.1261119393978366e-14,2.0674982438223887e-14]],"type":"surface","scene":"scene11"},{"colorscale":[[0.0,"#0d0887"],[0.1111111111111111,"#46039f"],[0.2222222222222222,"#7201a8"],[0.3333333333333333,"#9c179e"],[0.4444444444444444,"#bd3786"],[0.5555555555555556,"#d8576b"],[0.6666666666666666,"#ed7953"],[0.7777777777777778,"#fb9f3a"],[0.8888888888888888,"#fdca26"],[1.0,"#f0f921"]],"name":"NN","showlegend":true,"showscale":false,"x":[0.06157894736842105,0.1131578947368421,0.16473684210526315,0.2163157894736842,0.26789473684210524,0.3194736842105263,0.37105263157894736,0.4226315789473684,0.47421052631578947,0.5257894736842105,0.5773684210526315,0.6289473684210526,0.6805263157894736,0.7321052631578947,0.7836842105263158,0.8352631578947368,0.8868421052631579,0.9384210526315789],"y":[-0.0772377082793561,-0.055169791628111496,-0.033101874976866896,-0.011033958325622303,0.01103395832562229,0.033101874976866896,0.055169791628111475,0.07723770827935608],"z":[[-2.5955300453598574e-08,-2.352733131851066e-08,-1.6768127262646582e-08,-9.603914691076254e-09,-8.539910187063964e-09,-2.299303619796885e-12,-2.1905955617135885e-13,-4.327973935178963e-14,-1.3072800031208327e-14,-2.7284107263561816e-15,3.504004901662547e-15,8.143960309013115e-15,1.1272596966129438e-14,1.2764333209614572e-14,1.2903199894822435e-14,1.2288804869690264e-14,1.149669632019037e-14,1.0866875948524061e-14],[-2.5397263012620057e-08,-2.2767738605158512e-08,-1.609721249512513e-08,-9.066078742909513e-09,-8.176252392784283e-09,-2.2648274659079945e-12,-2.172478672082532e-13,-4.3038364451605213e-14,-1.3007733821058246e-14,-2.709535503930896e-15,3.5025203026474514e-15,8.135108211251014e-15,1.126578047107753e-14,1.2764132687346186e-14,1.290899143450498e-14,1.2297007737281435e-14,1.1503579449970164e-14,1.0870052922531452e-14],[-2.4839526223583615e-08,-2.2008802840828238e-08,-1.5426683452176897e-08,-8.528334077504058e-09,-7.81215695826063e-09,-2.23019990329153e-12,-2.1542411018568312e-13,-4.2795179032869166e-14,-1.2942213728264068e-14,-2.6905233802875197e-15,3.501023232251844e-15,8.126128032671472e-15,1.1258753568264611e-14,1.2763690250130647e-14,1.2914555730232044e-14,1.230502102118767e-14,1.1510310829355534e-14,1.0873107326259748e-14],[-2.4282095974572947e-08,-2.1250526698877128e-08,-1.4756543167146827e-08,-7.990684029535808e-09,-7.447641814253496e-09,-2.1954230631114506e-12,-2.1358837388073804e-13,-4.255018891578647e-14,-1.2876240094785662e-14,-2.6713741364902268e-15,3.499514304633744e-15,8.117020335690023e-15,1.1251516384562268e-14,1.2763005597447679e-14,1.2919892830753385e-14,1.2312844303484464e-14,1.1516890728063704e-14,1.0876038866304423e-14],[-2.3724978148862175e-08,-2.049291284003083e-08,-1.408679465119668e-08,-7.453131909953676e-09,-7.082724835968625e-09,-2.1604991081570904e-12,-2.1174074567123508e-13,-4.2303400730781375e-14,-1.2809813299282305e-14,-2.6520876099221368e-15,3.49799395493615e-15,8.107785818367481e-15,1.1244069796267152e-14,1.2762079275254303e-14,1.2925002155762394e-14,1.2320477771396584e-14,1.1523318855835401e-14,1.087884777922435e-14],[-2.3168178624871673e-08,-1.9735963912395075e-08,-1.3417440893318108e-08,-6.9156810059771365e-09,-6.717423845723748e-09,-2.1254302121557797e-12,-2.098813168029461e-13,-4.205481929721447e-14,-1.2742934171225091e-14,-2.6326636927608935e-15,3.496462845656657e-15,8.098425313598548e-15,1.1236413941096925e-14,1.2760911206522897e-14,1.2929883976287485e-14,1.2327920812037023e-14,1.1529594923260269e-14,1.0881533949007293e-14],[-2.2611703276117215e-08,-1.8979682551461296e-08,-1.2748484860345193e-08,-6.3783345810925455e-09,-6.3517566155789325e-09,-2.090218585741268e-12,-2.0801017715376378e-13,-4.18044515607572e-14,-1.2675603362453277e-14,-2.6131022010257225e-15,3.494921518191991e-15,8.088939385827387e-15,1.122854970516087e-14,1.2759501530918814e-14,1.2934537934147354e-14,1.2335173619119332e-14,1.153571920459533e-14,1.0884097613398694e-14],[-2.20555579711736e-08,-1.8224071380111982e-08,-1.2079929496968908e-08,-5.841095875051729e-09,-5.985740870025784e-09,-2.0548664370850502e-12,-2.0612741787550248e-13,-4.155230332178949e-14,-1.2607821557490405e-14,-2.593403006282304e-15,3.4933703930278593e-15,8.079328734499079e-15,1.1220477236847233e-14,1.2757850394866902e-14,1.2938964099877629e-14,1.2342235585250348e-14,1.1541691413136944e-14,1.0886538657366432e-14]],"type":"surface","scene":"scene12"},{"colorscale":[[0.0,"#0d0887"],[0.1111111111111111,"#46039f"],[0.2222222222222222,"#7201a8"],[0.3333333333333333,"#9c179e"],[0.4444444444444444,"#bd3786"],[0.5555555555555556,"#d8576b"],[0.6666666666666666,"#ed7953"],[0.7777777777777778,"#fb9f3a"],[0.8888888888888888,"#fdca26"],[1.0,"#f0f921"]],"name":"NN","showlegend":true,"showscale":false,"x":[0.24240772690723,0.48480545381446,0.72720318072169,0.96960090762892,1.21199863453615,1.45439636144338,1.69679408835061,1.93919181525784],"y":[0.144560514746047,0.289111029492094,0.433661544238141,0.5782120589841879,0.7227625737302349,0.867313088476282,1.011863603222329,1.156414117968376],"z":[[-6.929389832586958e-13,-1.0449080076501446e-12,-1.3590749066842862e-12,-1.6596308083605266e-12,-1.9537921549524506e-12,-2.2435545275919727e-12,-2.5286423674240383e-12,-2.8076204630875555e-12],[-8.27173706359472e-13,-1.2451575113576433e-12,-1.614970341048361e-12,-1.964623993843101e-12,-2.3019916382725218e-12,-2.628861340066773e-12,-2.9444887756446e-12,-3.2469536442361155e-12],[-4.926925575612047e-13,-8.093205097551085e-13,-1.1322815329452856e-12,-1.4724158925209697e-12,-1.830709646938349e-12,-2.2047410996366334e-12,-2.59022153661069e-12,-2.9816326801193287e-12],[6.818910204134449e-13,7.732571142924451e-13,7.334231851800368e-13,6.181293391139842e-13,4.501868597887802e-13,2.4098500849517055e-13,-3.2100939174105212e-15,-2.785836511610416e-13],[2.1513809718498363e-11,2.3505137622066603e-11,2.2429141096293374e-11,2.0353484917659202e-11,1.8035880582911008e-11,1.5785881559111314e-11,1.3724122056466213e-11,1.1885900229045272e-11],[1.5317586479800877e-09,9.928193392356963e-10,6.818541535525122e-10,5.114086634132989e-10,4.0807992734581223e-10,3.3693838856604864e-10,2.8259428738987933e-10,2.3837639713050234e-10],[1.4483980125295995e-06,1.8389081866060994e-06,1.6794631384720136e-06,1.0950041320977237e-06,5.075267371546677e-07,1.836932227450239e-07,6.149696282006933e-08,2.211695268933131e-08],[1.2935415610555254e-06,1.8320269002811876e-06,2.2488681444830564e-06,2.6074769630064938e-06,2.9302542961159875e-06,3.21330075349112e-06,3.4179643910123297e-06,3.464370049659e-06]],"type":"surface","scene":"scene13"},{"colorscale":[[0.0,"#0d0887"],[0.1111111111111111,"#46039f"],[0.2222222222222222,"#7201a8"],[0.3333333333333333,"#9c179e"],[0.4444444444444444,"#bd3786"],[0.5555555555555556,"#d8576b"],[0.6666666666666666,"#ed7953"],[0.7777777777777778,"#fb9f3a"],[0.8888888888888888,"#fdca26"],[1.0,"#f0f921"]],"name":"NN","showlegend":true,"showscale":false,"x":[-0.0772377082793561,-0.055169791628111496,-0.033101874976866896,-0.011033958325622303,0.01103395832562229,0.033101874976866896,0.055169791628111475,0.07723770827935608],"y":[0.144560514746047,0.289111029492094,0.433661544238141,0.5782120589841879,0.7227625737302349,0.867313088476282,1.011863603222329,1.156414117968376],"z":[[-1.6626633549637562e-12,-1.6616560849946212e-12,-1.6606452588666882e-12,-1.6596308083605266e-12,-1.658612795400384e-12,-1.6575912299244882e-12,-1.6565660959856344e-12,-1.6555374296279388e-12],[-1.9670756119870063e-12,-1.966263069966877e-12,-1.96544586251985e-12,-1.964623993843101e-12,-1.9637974682173184e-12,-1.9629663211013233e-12,-1.9621304947410326