{"data":[{"colorscale":[[0.0,"#0d0887"],[0.1111111111111111,"#46039f"],[0.2222222222222222,"#7201a8"],[0.3333333333333333,"#9c179e"],[0.4444444444444444,"#bd3786"],[0.5555555555555556,"#d8576b"],[0.6666666666666666,"#ed7953"],[0.7777777777777778,"#fb9f3a"],[0.8888888888888888,"#fdca26"],[1.0,"#f0f921"]],"name":"NN","showlegend":true,"showscale":false,"x":[0.24240772690723,0.48480545381446,0.72720318072169,0.96960090762892,1.21199863453615,1.45439636144338,1.69679408835061,1.93919181525784],"y":[0.144560514746047,0.289111029492094,0.433661544238141,0.5782120589841879,0.7227625737302349,0.867313088476282,1.011863603222329,1.156414117968376],"z":[[0.9999999997393768,0.9999999997398406,0.9999999997403243,0.9999999997408258,0.9999999997413421,0.9999999997418697,0.9999999997424046,0.9999999997429421],[0.9999999997659198,0.9999999997662102,0.9999999997664647,0.9999999997666855,0.9999999997668749,0.9999999997670346,0.9999999997671658,0.9999999997672699],[0.9999999997698529,0.9999999997703761,0.9999999997708358,0.9999999997712374,0.9999999997715865,0.9999999997718871,0.9999999997721435,0.9999999997723588],[0.9999999997596181,0.99999999976109,0.9999999997623614,0.9999999997634643,0.999999999764424,0.9999999997652608,0.9999999997659911,0.9999999997666278],[0.999999999693262,0.9999999997071933,0.9999999997174434,0.9999999997251694,0.9999999997311219,0.9999999997357983,0.9999999997395359,0.999999999742567],[0.9999999750181642,0.9999999930196939,0.9999999971059593,0.9999999984147545,0.9999999989625864,0.9999999992385659,0.9999999993954329,0.9999999994919768],[0.9998073654534827,0.999864285816598,0.999916477905728,0.9999574760779724,0.999982916711745,0.9999946031438492,0.9999985558334815,0.999999624684885],[0.9994843761748878,0.9995334497820458,0.9995837843767789,0.9996350959705989,0.9996869786156242,0.9997387851770024,0.9997894794182265,0.9998375397695495]],"type":"surface","scene":"scene"},{"colorscale":[[0.0,"#0d0887"],[0.1111111111111111,"#46039f"],[0.2222222222222222,"#7201a8"],[0.3333333333333333,"#9c179e"],[0.4444444444444444,"#bd3786"],[0.5555555555555556,"#d8576b"],[0.6666666666666666,"#ed7953"],[0.7777777777777778,"#fb9f3a"],[0.8888888888888888,"#fdca26"],[1.0,"#f0f921"]],"name":"NN","showlegend":true,"showscale":false,"x":[-0.0772377082793561,-0.055169791628111496,-0.033101874976866896,-0.011033958325622303,0.01103395832562229,0.033101874976866896,0.055169791628111475,0.07723770827935608],"y":[0.144560514746047,0.289111029492094,0.433661544238141,0.5782120589841879,0.7227625737302349,0.867313088476282,1.011863603222329,1.156414117968376],"z":[[0.9999999997395512,0.9999999997399709,0.9999999997403958,0.9999999997408258,0.9999999997412606,0.9999999997417,0.9999999997421436,0.9999999997425912],[0.9999999997664578,0.9999999997665329,0.9999999997666088,0.9999999997666855,0.9999999997667631,0.9999999997668414,0.9999999997669201,0.9999999997669995],[0.9999999997711788,0.9999999997712016,0.9999999997712211,0.9999999997712374,0.9999999997712506,0.9999999997712608,0.9999999997712679,0.999999999771272],[0.9999999997630177,0.999999999763172,0.9999999997633209,0.9999999997634643,0.999999999763602,0.999999999763734,0.9999999997638601,0.9999999997639802],[0.999999999723982,0.9999999997243638,0.99999999972476,0.9999999997251694,0.999999999725591,0.9999999997260235,0.9999999997264656,0.9999999997269161],[0.9999999985234196,0.9999999984856659,0.9999999984493383,0.9999999984147545,0.9999999983822363,0.9999999983521044,0.9999999983246719,0.9999999983002384],[0.9999685143448412,0.9999649438117839,0.9999612549881525,0.9999574760779724,0.9999536359266357,0.9999497633830456,0.9999458867453255,0.9999420332991887],[0.9996561532977281,0.9996488384572126,0.9996418192381276,0.9996350959705989,0.9996286684341839,0.9996225359210336,0.9996166972890831,0.9996111510067284]],"type":"surface","scene":"scene2"},{"colorscale":[[0.0,"#0d0887"],[0.1111111111111111,"#46039f"],[0.2222222222222222,"#7201a8"],[0.3333333333333333,"#9c179e"],[0.4444444444444444,"#bd3786"],[0.5555555555555556,"#d8576b"],[0.6666666666666666,"#ed7953"],[0.7777777777777778,"#fb9f3a"],[0.8888888888888888,"#fdca26"],[1.0,"#f0f921"]],"name":"NN","showlegend":true,"showscale":false,"x":[-0.0772377082793561,-0.055169791628111496,-0.033101874976866896,-0.011033958325622303,0.01103395832562229,0.033101874976866896,0.055169791628111475,0.07723770827935608],"y":[0.24240772690723,0.48480545381446,0.72720318072169,0.96960090762892,1.21199863453615,1.45439636144338,1.69679408835061,1.93919181525784],"z":[[0.9999999997591844,0.9999999997593352,0.9999999997594797,0.9999999997596181,0.9999999997597498,0.9999999997598751,0.9999999997599934,0.9999999997601049],[0.9999999997606487,0.9999999997608017,0.9999999997609489,0.99999999976109,0.999999999761225,0.9999999997613537,0.9999999997614759,0.9999999997615916],[0.9999999997619161,0.9999999997620702,0.9999999997622186,0.9999999997623614,0.9999999997624983,0.9999999997626291,0.9999999997627538,0.9999999997628722],[0.9999999997630177,0.999999999763172,0.9999999997633209,0.9999999997634643,0.999999999763602,0.999999999763734,0.9999999997638601,0.9999999997639802],[0.9999999997639779,0.9999999997641319,0.9999999997642806,0.999999999764424,0.9999999997645619,0.9999999997646943,0.9999999997648211,0.9999999997649421],[0.9999999997648167,0.9999999997649698,0.9999999997651179,0.9999999997652608,0.9999999997653984,0.9999999997655308,0.9999999997656578,0.9999999997657791],[0.9999999997655495,0.9999999997657016,0.9999999997658489,0.9999999997659911,0.9999999997661282,0.9999999997662601,0.9999999997663869,0.9999999997665082],[0.9999999997661893,0.9999999997663402,0.9999999997664865,0.9999999997666278,0.9999999997667641,0.9999999997668956,0.9999999997670218,0.999999999767143]],"type":"surface","scene":"scene3"},{"colorscale":[[0.0,"#0d0887"],[0.1111111111111111,"#46039f"],[0.2222222222222222,"#7201a8"],[0.3333333333333333,"#9c179e"],[0.4444444444444444,"#bd3786"],[0.5555555555555556,"#d8576b"],[0.6666666666666666,"#ed7953"],[0.7777777777777778,"#fb9f3a"],[0.8888888888888888,"#fdca26"],[1.0,"#f0f921"]],"name":"NN","showlegend":true,"showscale":false,"x":[0.06157894736842105,0.1131578947368421,0.16473684210526315,0.2163157894736842,0.26789473684210524,0.3194736842105263,0.37105263157894736,0.4226315789473684,0.47421052631578947,0.5257894736842105,0.5773684210526315,0.6289473684210526,0.6805263157894736,0.7321052631578947,0.7836842105263158,0.8352631578947368,0.8868421052631579,0.9384210526315789],"y":[0.144560514746047,0.289111029492094,0.433661544238141,0.5782120589841879,0.7227625737302349,0.867313088476282,1.011863603222329,1.156414117968376],"z":[[0.9948758125049137,0.9999999967531364,0.9999999995298239,0.9999999996918643,0.9999999997305654,0.9999999997425502,0.9999999997451932,0.9999999997438749,0.9999999997408258,0.9999999997371327,0.9999999997333574,0.9999999997297846,0.999999999726544,0.9999999997236788,0.9999999997211859,0.9999999997190385,0.9999999997172005,0.9999999997156331],[0.9789581781019887,0.995971242934011,0.999999981438746,0.9999999995641574,0.9999999997204635,0.9999999997524313,0.9999999997630867,0.9999999997665874,0.9999999997666855,0.9999999997647295,0.9999999997613881,0.9999999997571367,0.9999999997523804,0.9999999997474598,0.9999999997426363,0.9999999997380872,0.9999999997339162,0.9999999997301698],[0.9737463293894483,0.9909250339198891,0.9971468263384177,0.9999786745398511,0.9999999993935859,0.9999999997150523,0.9999999997538229,0.9999999997661854,0.9999999997712374,0.9999999997732445,0.9999999997735627,0.9999999997726862,0.9999999997708241,0.999999999768113,0.999999999764699,0.9999999997607539,0.9999999997564636,0.9999999997520067],[0.9711495223181937,0.9883999401023174,0.9947292293786755,0.9978906908540218,0.9996784642877369,0.9999999976928421,0.9999999996770655,0.9999999997462968,0.9999999997634643,0.9999999997704969,0.9999999997738771,0.9999999997754868,0.9999999997760298,0.9999999997757913,0.9999999997748906,0.999999999773387,0.99999999977133,0.999999999768779],[0.9695830425631933,0.9868743463281416,0.9932818741610961,0.9965111293016732,0.9983844310675203,0.9995403607619214,0.9999998837702974,0.999999999510164,0.9999999997251694,0.9999999997557186,0.9999999997664949,0.9999999997717751,0.9999999997746585,0.9999999997762283,0.9999999997769624,0.9999999997770884,0.9999999997767183,0.9999999997759116],[0.9685367939887649,0.9858562758407278,0.9923162936259918,0.9955967576092872,0.9975180964569514,0.998736036029344,0.9995353810825363,0.9999917833429984,0.9999999984147545,0.9999999996586534,0.9999999997388593,0.9999999997583802,0.9999999997669287,0.9999999997716986,0.9999999997745627,0.999999999776271,0.9999999997772103,0.9999999997775966],[0.9677926294438571,0.9851328843280229,0.9916272674837112,0.9949451721117886,0.9969041523209349,0.998157856339952,0.9990005968525307,0.999577738807712,0.9999574760779724,0.9999999819043806,0.9999999993769034,0.9999999996943405,0.9999999997425789,0.9999999997581817,0.9999999997660225,0.9999999997708185,0.9999999997739097,0.9999999997758765],[0.9672330590178629,0.9845925295076836,0.9911113237315972,0.9944552221918178,0.9964439179688028,0.997727266672165,0.9985971555517573,0.9992060294478694,0.9996350959705989,0.999929261966616,0.9999996444699399,0.9999999978379694,0.9999999995378506,0.9999999997046283,0.9999999997421728,0.9999999997564561,0.9999999997642595,0.9999999997693468]],"type":"surface","scene":"scene4"},{"colorscale":[[0.0,"#0d0887"],[0.1111111111111111,"#46039f"],[0.2222222222222222,"#7201a8"],[0.3333333333333333,"#9c179e"],[0.4444444444444444,"#bd3786"],[0.5555555555555556,"#d8576b"],[0.6666666666666666,"#ed7953"],[0.7777777777777778,"#fb9f3a"],[0.8888888888888888,"#fdca26"],[1.0,"#f0f921"]],"name":"NN","showlegend":true,"showscale":false,"x":[0.06157894736842105,0.1131578947368421,0.16473684210526315,0.2163157894736842,0.26789473684210524,0.3194736842105263,0.37105263157894736,0.4226315789473684,0.47421052631578947,0.5257894736842105,0.5773684210526315,0.6289473684210526,0.6805263157894736,0.7321052631578947,0.7836842105263158,0.8352631578947368,0.8868421052631579,0.9384210526315789],"y":[0.24240772690723,0.48480545381446,0.72720318072169,0.96960090762892,1.21199863453615,1.45439636144338,1.69679408835061,1.93919181525784],"z":[[0.9709215084325573,0.988134728428911,0.9944515942252912,0.9976004163841931,0.9993759466435499,0.9999999736001037,0.9999999996059838,0.999999999735732,0.9999999997596181,0.9999999997685208,0.9999999997727161,0.9999999997747794,0.9999999997756084,0.9999999997755492,0.99999999977473,0.9999999997731974,0.9999999997709863,0.9999999997681529],[0.9709974159200144,0.9882234986138692,0.9945436655812498,0.9976966540090495,0.9994757108367718,0.9999999910435354,0.9999999996375354,0.9999999997399589,0.99999999976109,0.9999999997692643,0.9999999997731523,0.999999999775048,0.9999999997757724,0.9999999997756471,0.9999999997747957,0.9999999997732689,0.9999999997711065,0.9999999997683662],[0.9710732601005244,0.9883117673544798,0.9946361513175566,0.9977935197318819,0.9995772490894629,0.999999995928968,0.9999999996602685,0.9999999997434248,0.9999999997623614,0.9999999997699195,0.9999999997735376,0.9999999997752829,0.9999999997759121,0.9999999997757273,0.9999999997748489,0.9999999997733319,0.9999999997712211,0.9999999997685751],[0.9711495223181937,0.9883999401023174,0.9947292293786755,0.9978906908540218,0.9996784642877369,0.9999999976928421,0.9999999996770655,0.9999999997462968,0.9999999997634643,0.9999999997704969,0.9999999997738771,0.9999999997754868,0.9999999997760298,0.9999999997757913,0.9999999997748906,0.999999999773387,0.99999999977133,0.999999999768779],[0.9712262551712331,0.9884884438756799,0.994823034727123,0.9979877685708975,0.9997747916939581,0.9999999984772686,0.9999999996897587,0.999999999748699,0.999999999764424,0.9999999997710056,0.9999999997741752,0.9999999997756627,0.9999999997761272,0.9999999997758408,0.999999999774922,0.999999999773435,0.9999999997714335,0.9999999997689771],[0.9713036182226524,0.9885777644989865,0.994917667033977,0.9980843086833812,0.9998589706597096,0.9999999988854135,0.9999999996995462,0.9999999997507245,0.9999999997652608,0.9999999997714533,0.9999999997744359,0.9999999997758129,0.999999999776206,0.9999999997758767,0.9999999997749439,0.9999999997734762,0.9999999997715313,0.9999999997691689],[0.9713821613900245,0.9886684543388857,0.9950131968411933,0.9981798558212347,0.9999233090523335,0.9999999991229878,0.9999999997072295,0.9999999997524432,0.9999999997659911,0.9999999997718461,0.9999999997746624,0.9999999997759396,0.999999999776268,0.9999999997759005,0.9999999997749572,0.9999999997735112,0.9999999997716233,0.9999999997693536],[0.9714629340483677,0.9887611226539595,0.9951096715808343,0.998273977038908,0.9999643588374725,0.999999999272684,0.9999999997133556,0.9999999997539085,0.9999999997666278,0.9999999997721893,0.9999999997748577,0.9999999997760447,0.9999999997763143,0.9999999997759129,0.9999999997749625,0.99999999977354,0.9999999997717096,0.9999999997695308]],"type":"surface","scene":"scene5"},{"colorscale":[[0.0,"#0d0887"],[0.1111111111111111,"#46039f"],[0.2222222222222222,"#7201a8"],[0.3333333333333333,"#9c179e"],[0.4444444444444444,"#bd3786"],[0.5555555555555556,"#d8576b"],[0.6666666666666666,"#ed7953"],[0.7777777777777778,"#fb9f3a"],[0.8888888888888888,"#fdca26"],[1.0,"#f0f921"]],"name":"NN","showlegend":true,"showscale":false,"x":[0.06157894736842105,0.1131578947368421,0.16473684210526315,0.2163157894736842,0.26789473684210524,0.3194736842105263,0.37105263157894736,0.4226315789473684,0.47421052631578947,0.5257894736842105,0.5773684210526315,0.6289473684210526,0.6805263157894736,0.7321052631578947,0.7836842105263158,0.8352631578947368,0.8868421052631579,0.9384210526315789],"y":[-0.0772377082793561,-0.055169791628111496,-0.033101874976866896,-0.011033958325622303,0.01103395832562229,0.033101874976866896,0.055169791628111475,0.07723770827935608],"z":[[0.9711084666504722,0.9883639209445916,0.9947056283949104,0.9978793381391459,0.9996801751042502,0.9999999976618218,0.9999999996742812,0.9999999997453173,0.9999999997630177,0.999999999770292,0.9999999997737955,0.9999999997754667,0.9999999997760303,0.9999999997757768,0.9999999997748242,0.9999999997732311,0.9999999997710505,0.9999999997683506],[0.9711211305735038,0.9883749781047226,0.9947125502549192,0.9978822635195231,0.9996789118531574,0.9999999976669063,0.9999999996751879,0.9999999997456497,0.999999999763172,0.9999999997703642,0.9999999997738254,0.9999999997754749,0.9999999997760307,0.9999999997757815,0.9999999997748455,0.9999999997732821,0.999999999771143,0.9999999997684931],[0.9711348199561578,0.9883869882247989,0.9947204220332911,0.9978860529644222,0.999678345958891,0.9999999976773022,0.9999999996761172,0.9999999997459763,0.9999999997633209,0.9999999997704326,0.9999999997738526,0.9999999997754817,0.9999999997760305,0.9999999997757864,0.9999999997748678,0.9999999997733341,0.9999999997712361,0.999999999768636],[0.9711495223181937,0.9883999401023174,0.9947292293786755,0.9978906908540218,0.9996784642877369,0.9999999976928421,0.9999999996770655,0.9999999997462968,0.9999999997634643,0.9999999997704969,0.9999999997738771,0.9999999997754868,0.9999999997760298,0.9999999997757913,0.9999999997748906,0.999999999773387,0.99999999977133,0.999999999768779],[0.9711652253335628,0.98841382236811,0.9947389575194817,0.9978961608852971,0.9996792525176179,0.9999999977132976,0.9999999996780298,0.9999999997466105,0.999999999763602,0.9999999997705573,0.9999999997738991,0.9999999997754905,0.9999999997760285,0.9999999997757967,0.9999999997749142,0.9999999997734407,0.9999999997714246,0.9999999997689222],[0.9711819168006992,0.9884286234648164,0.994749591255301,0.9979024460961721,0.9996806952514601,0.9999999977383854,0.9999999996790065,0.999999999746917,0.999999999763734,0.9999999997706136,0.9999999997739183,0.9999999997754927,0.9999999997760267,0.9999999997758021,0.9999999997749384,0.9999999997734952,0.9999999997715197,0.9999999997690655],[0.9711995846113614,0.9884443316247804,0.9947611149487038,0.9979095288903547,0.9996827761070003,0.9999999977677752,0.9999999996799928,0.9999999997472158,0.9999999997638601,0.999999999770666,0.999999999773935,0.9999999997754935,0.9999999997760244,0.9999999997758078,0.9999999997749631,0.9999999997735504,0.9999999997716151,0.9999999997692088],[0.971218216718033,0.988460934847418,0.9947735125175573,0.9979173910628676,0.9996854777855595,0.9999999978010972,0.9999999996809852,0.9999999997475063,0.9999999997639802,0.9999999997707143,0.9999999997739493,0.9999999997754928,0.9999999997760215,0.9999999997758136,0.9999999997749885,0.9999999997736061,0.999999999771711,0.9999999997693519]],"type":"surface","scene":"scene6"}],"layout":{"template":{"data":{"histogram2dcontour":[{"type":"histogram2dcontour","colorbar":{"outlinewidth":0,"ticks":""},"colorscale":[[0.0,"#0d0887"],[0.1111111111111111,"#46039f"],[0.2222222222222222,"#7201a8"],[0.3333333333333333,"#9c179e"],[0.4444444444444444,"#bd3786"],[0.5555555555555556,"#d8576b"],[0.6666666666666666,"#ed7953"],[0.7777777777777778,"#fb9f3a"],[0.8888888888888888,"#fdca26"],[1.0,"#f0f921"]]}],"choropleth":[{"type":"choropleth","colorbar":{"outlinewidth":0,"ticks":""}}],"histogram2d":[{"type":"histogram2d","colorbar":{"outlinewidth":0,"ticks":""},"colorscale":[[0.0,"#0d0887"],[0.1111111111111111,"#46039f"],[0.2222222222222222,"#7201a8"],[0.3333333333333333,"#9c179e"],[0.4444444444444444,"#bd3786"],[0.5555555555555556,"#d8576b"],[0.6666666666666666,"#ed7953"],[0.7777777777777778,"#fb9f3a"],[0.8888888888888888,"#fdca26"],[1.0,"#f0f921"]]}],"heatmap":[{"type":"heatmap","colorbar":{"outlinewidth":0,"ticks":""},"colorscale":[[0.0,"#0d0887"],[0.1111111111111111,"#46039f"],[0.2222222222222222,"#7201a8"],[0.3333333333333333,"#9c179e"],[0.4444444444444444,"#bd3786"],[0.5555555555555556,"#d8576b"],[0.6666666666666666,"#ed7953"],[0.7777777777777778,"#fb9f3a"],[0.8888888888888888,"#fdca26"],[1.0,"#f0f921"]]}],"heatmapgl":[{"type":"heatmapgl","colorbar":{"outlinewidth":0,"ticks":""},"colorscale":[[0.0,"#0d0887"],[0.1111111111111111,"#46039f"],[0.2222222222222222,"#7201a8"],[0.3333333333333333,"#9c179e"],[0.4444444444444444,"#bd3786"],[0.5555555555555556,"#d8576b"],[0.6666666666666666,"#ed7953"],[0.7777777777777778,"#fb9f3a"],[0.8888888888888888,"#fdca26"],[1.0,"#f0f921"]]}],"contourcarpet":[{"type":"contourcarpet","colorbar":{"outlinewidth":0,"ticks":""}}],"contour":[{"type":"contour","colorbar":{"outlinewidth":0,"ticks":""},"colorscale":[[0.0,"#0d0887"],[0.1111111111111111,"#46039f"],[0.2222222222222222,"#7201a8"],[0.3333333333333333,"#9c179e"],[0.4444444444444444,"#bd3786"],[0.5555555555555556,"#d8576b"],[0.6666666666666666,"#ed7953"],[0.7777777777777778,"#fb9f3a"],[0.8888888888888888,"#fdca26"],[1.0,"#f0f921"]]}],"surface":[{"type":"surface","colorbar":{"outlinewidth":0,"ticks":""},"colorscale":[[0.0,"#0d0887"],[0.1111111111111111,"#46039f"],[0.2222222222222222,"#7201a8"],[0.3333333333333333,"#9c179e"],[0.4444444444444444,"#bd3786"],[0.5555555555555556,"#d8576b"],[0.6666666666666666,"#ed7953"],[0.7777777777777778,"#fb9f3a"],[0.8888888888888888,"#fdca26"],[1.0,"#f0f921"]]}],"mesh3d":[{"type":"mesh3d","colorbar":{"outlinewidth":0,"ticks":""}}],"scatter":[{"fillpattern":{"fillmode":"overlay","size":10,"solidity":0.2},"type":"scatter"}],"parcoords":[{"type":"parcoords","line":{"colorbar":{"outlinewidth":0,"ticks":""}}}],"scatterpolargl":[{"type":"scatterpolargl","marker":{"colorbar":{"outlinewidth":0,"ticks":""}}}],"bar":[{"error_x":{"color":"#2a3f5f"},"error_y":{"color":"#2a3f5f"},"marker":{"line":{"color":"#E5ECF6","width":0.5},"pattern":{"fillmode":"overlay","size":10,"solidity":0.2}},"type":"bar"}],"scattergeo":[{"type":"scattergeo","marker":{"colorbar":{"outlinewidth":0,"ticks":""}}}],"scatterpolar":[{"type":"scatterpolar","marker":{"colorbar":{"outlinewidth":0,"ticks":""}}}],"histogram":[{"marker":{"pattern":{"fillmode":"overlay","size":10,"solidity":0.2}},"type":"histogram"}],"scattergl":[{"type":"scattergl","marker":{"colorbar":{"outlinewidth":0,"ticks":""}}}],"scatter3d":[{"type":"scatter3d","line":{"colorbar":{"outlinewidth":0,"ticks":""}},"marker":{"colorbar":{"outlinewidth":0,"ticks":""}}}],"scattermapbox":[{"type":"scattermapbox","marker":{"colorbar":{"outlinewidth":0,"ticks":""}}}],"scatterternary":[{"type":"scatterternary","marker":{"colorbar":{"outlinewidth":0,"ticks":""}}}],"scattercarpet":[{"type":"scattercarpet","marker":{"colorbar":{"outlinewidth":0,"ticks":""}}}],"carpet":[{"aaxis":{"endlinecolor":"#2a3f5f","gridcolor":"white","linecolor":"white","minorgridcolor":"white","startlinecolor":"#2a3f5f"},"baxis":{"endlinecolor":"#2a3f5f","gridcolor":"white","linecolor":"white","minorgridcolor":"white","startlinecolor":"#2a3f5f"},"type":"carpet"}],"table":[{"cells":{"fill":{"color":"#EBF0F8"},"line":{"color":"white"}},"header":{"fill":{"color":"#C8D4E3"},"line":{"color":"white"}},"type":"table"}],"barpolar":[{"marker":{"line":{"color":"#E5ECF6","width":0.5},"pattern":{"fillmode":"overlay","size":10,"solidity":0.2}},"type":"barpolar"}],"pie":[{"automargin":true,"type":"pie"}]},"layout":{"autotypenumbers":"strict","colorway":["#636efa","#EF553B","#00cc96","#ab63fa","#FFA15A","#19d3f3","#FF6692","#B6E880","#FF97FF","#FECB52"],"font":{"color":"#2a3f5f"},"hovermode":"closest","hoverlabel":{"align":"left"},"paper_bgcolor":"white","plot_bgcolor":"#E5ECF6","polar":{"bgcolor":"#E5ECF6","angularaxis":{"gridcolor":"white","linecolor":"white","ticks":""},"radialaxis":{"gridcolor":"white","linecolor":"white","ticks":""}},"ternary":{"bgcolor":"#E5ECF6","aaxis":{"gridcolor":"white","linecolor":"white","ticks":""},"baxis":{"gridcolor":"white","linecolor":"white","ticks":""},"caxis":{"gridcolor":"white","linecolor":"white","ticks":""}},"coloraxis":{"colorbar":{"outlinewidth":0,"ticks":""}},"colorscale":{"sequential":[[0.0,"#0d0887"],[0.1111111111111111,"#46039f"],[0.2222222222222222,"#7201a8"],[0.3333333333333333,"#9c179e"],[0.4444444444444444,"#bd3786"],[0.5555555555555556,"#d8576b"],[0.6666666666666666,"#ed7953"],[0.7777777777777778,"#fb9f3a"],[0.8888888888888888,"#fdca26"],[1.0,"#f0f921"]],"sequentialminus":[[0.0,"#0d0887"],[0.1111111111111111,"#46039f"],[0.2222222222222222,"#7201a8"],[0.3333333333333333,"#9c179e"],[0.4444444444444444,"#bd3786"],[0.5555555555555556,"#d8576b"],[0.6666666666666666,"#ed7953"],[0.7777777777777778,"#fb9f3a"],[0.8888888888888888,"#fdca26"],[1.0,"#f0f921"]],"diverging":[[0,"#8e0152"],[0.1,"#c51b7d"],[0.2,"#de77ae"],[0.3,"#f1b6da"],[0.4,"#fde0ef"],[0.5,"#f7f7f7"],[0.6,"#e6f5d0"],[0.7,"#b8e186"],[0.8,"#7fbc41"],[0.9,"#4d9221"],[1,"#276419"]]},"xaxis":{"gridcolor":"white","linecolor":"white","ticks":"","title":{"standoff":15},"zerolinecolor":"white","automargin":true,"zerolinewidth":2},"yaxis":{"gridcolor":"white","linecolor":"white","ticks":"","title":{"standoff":15},"zerolinecolor":"white","automargin":true,"zerolinewidth":2},"scene":{"xaxis":{"backgroundcolor":"#E5ECF6","gridcolor":"white","linecolor":"white","showbackground":true,"ticks":"","zerolinecolor":"white","gridwidth":2},"yaxis":{"backgroundcolor":"#E5ECF6","gridcolor":"white","linecolor":"white","showbackground":true,"ticks":"","zerolinecolor":"white","gridwidth":2},"zaxis":{"backgroundcolor":"#E5ECF6","gridcolor":"white","linecolor":"white","showbackground":true,"ticks":"","zerolinecolor":"white","gridwidth":2}},"shapedefaults":{"line":{"color":"#2a3f5f"}},"annotationdefaults":{"arrowcolor":"#2a3f5f","arrowhead":0,"arrowwidth":1},"geo":{"bgcolor":"white","landcolor":"#E5ECF6","subunitcolor":"white","showland":true,"showlakes":true,"lakecolor":"white"},"title":{"x":0.05},"mapbox":{"style":"light"}}},"scene":{"domain":{"x":[0.0,0.125],"y":[0.0,1.0]},"zaxis":{"title":{"text":"kappa"},"nticks":4,"range":[-0.0001,1.0049150408915566],"tickformat":".4f"},"xaxis":{"title":{"text":"V"}},"yaxis":{"title":{"text":"Vtilde"}}},"scene2":{"domain":{"x":[0.175,0.3],"y":[0.0,1.0]},"zaxis":{"title":{"text":"kappa"},"nticks":4,"range":[-0.0001,1.0049150408915566],"tickformat":".4f"},"xaxis":{"title":{"text":"Z"}},"yaxis":{"title":{"text":"Vtilde"}}},"scene3":{"domain":{"x":[0.35,0.475],"y":[0.0,1.0]},"zaxis":{"title":{"text":"kappa"},"nticks":4,"range":[-0.0001,1.0049150408915566],"tickformat":".4f"},"xaxis":{"title":{"text":"Z"}},"yaxis":{"title":{"text":"V"}}},"scene4":{"domain":{"x":[0.525,0.65],"y":[0.0,1.0]},"zaxis":{"title":{"text":"kappa"},"nticks":4,"range":[-0.0001,1.0049150408915566],"tickformat":".4f"},"xaxis":{"title":{"text":"W"}},"yaxis":{"title":{"text":"Vtilde"}}},"scene5":{"domain":{"x":[0.7,0.825],"y":[0.0,1.0]},"zaxis":{"title":{"text":"kappa"},"nticks":4,"range":[-0.0001,1.0049150408915566],"tickformat":".4f"},"xaxis":{"title":{"text":"W"}},"yaxis":{"title":{"text":"V"}}},"scene6":{"domain":{"x":[0.875,1.0],"y":[0.0,1.0]},"zaxis":{"title":{"text":"kappa"},"nticks":4,"range":[-0.0001,1.0049150408915566],"tickformat":".4f"},"xaxis":{"title":{"text":"W"}},"yaxis":{"title":{"text":"Z"}}},"annotations":[{"font":{"size":16},"showarrow":false,"text":"W fixed at 0.4742, Z fixed at -0.0110<br> MFR Suite Not Solved.","x":0.0625,"xanchor":"center","xref":"paper","y":1.0,"yanchor":"bottom","yref":"paper"},{"font":{"size":16},"showarrow":false,"text":"W fixed at 0.4742, V fixed at 0.9696<br> MFR Suite Not Solved.","x":0.2375,"xanchor":"center","xref":"paper","y":1.0,"yanchor":"bottom","yref":"paper"},{"font":{"size":16},"showarrow":false,"text":"W fixed at 0.4742, Vtilde fixed at 0.5782<br> MFR Suite Not Solved.","x":0.4125,"xanchor":"center","xref":"paper","y":1.0,"yanchor":"bottom","yref":"paper"},{"font":{"size":16},"showarrow":false,"text":"Z fixed at -0.0110, V fixed at 0.9696<br> MFR Suite Not Solved.","x":0.5875,"xanchor":"center","xref":"paper","y":1.0,"yanchor":"bottom","yref":"paper"},{"font":{"size":16},"showarrow":false,"text":"Z fixed at -0.0110, Vtilde fixed at 0.5782<br> MFR Suite Not Solved.","x":0.7625,"xanchor":"center","xref":"paper","y":1.0,"yanchor":"bottom","yref":"paper"},{"font":{"size":16},"showarrow":false,"text":"V fixed at 0.9696, Vtilde fixed at 0.5782<br> MFR Suite Not Solved.","x":0.9375,"xanchor":"center","xref":"paper","y":1.0,"yanchor":"bottom","yref":"paper"}],"title":{"text":"MRF vs NN - Kappa Policy Function Interior<br><span style=\"font-size: 12px;\"> chiUnderline = 0.2, a_e = 0.15, a_h = 0.1, gamma_e = 0.5, gamma_h = 8.0, psi_e = 0.5, psi_h = 1.5</span>","x":0.5,"y":0.97,"yanchor":"top"},"height":700,"width":3500,"margin":{"t":150}}}