{"data":[{"colorscale":[[0.0,"#0d0887"],[0.1111111111111111,"#46039f"],[0.2222222222222222,"#7201a8"],[0.3333333333333333,"#9c179e"],[0.4444444444444444,"#bd3786"],[0.5555555555555556,"#d8576b"],[0.6666666666666666,"#ed7953"],[0.7777777777777778,"#fb9f3a"],[0.8888888888888888,"#fdca26"],[1.0,"#f0f921"]],"name":"NN","showlegend":true,"showscale":false,"x":[0.24240772690723,0.48480545381446,0.72720318072169,0.96960090762892,1.21199863453615,1.45439636144338,1.69679408835061,1.93919181525784],"y":[0.144560514746047,0.289111029492094,0.433661544238141,0.5782120589841879,0.7227625737302349,0.867313088476282,1.011863603222329,1.156414117968376],"z":[[0.999999999868434,0.9999999998684032,0.9999999998683672,0.9999999998683269,0.9999999998682828,0.9999999998682357,0.9999999998681862,0.9999999998681349],[0.9999999998609592,0.9999999998614388,0.9999999998618565,0.999999999862218,0.999999999862529,0.9999999998627948,0.9999999998630204,0.9999999998632105],[0.9999999998054613,0.9999999998107569,0.9999999998155001,0.9999999998197333,0.9999999998234987,0.9999999998268385,0.9999999998297932,0.9999999998324014],[0.999999998839906,0.9999999990338425,0.9999999991846968,0.9999999993024932,0.9999999993949708,0.9999999994680459,0.9999999995262114,0.9999999995728689],[0.9999952352552339,0.9999983803400936,0.999999438354608,0.9999997800259013,0.9999998975515875,0.9999999435209312,0.9999999644475629,0.9999999754843968],[0.9993321349120212,0.9993832983248243,0.9994348607255014,0.9994867659382306,0.999538916032864,0.9995911418015788,0.9996431622266493,0.9996945353319139],[0.9987334398002773,0.9987784312072734,0.9988232433001069,0.9988677605224302,0.9989118648737252,0.9989554378263297,0.9989983622394124,0.9990405242131698],[0.9982873459994078,0.9983271595138773,0.9983667103500322,0.998405872216251,0.9984445179286991,0.9984825218078811,0.9985197620589585,0.9985561230527096]],"type":"surface","scene":"scene"},{"colorscale":[[0.0,"#0d0887"],[0.1111111111111111,"#46039f"],[0.2222222222222222,"#7201a8"],[0.3333333333333333,"#9c179e"],[0.4444444444444444,"#bd3786"],[0.5555555555555556,"#d8576b"],[0.6666666666666666,"#ed7953"],[0.7777777777777778,"#fb9f3a"],[0.8888888888888888,"#fdca26"],[1.0,"#f0f921"]],"name":"NN","showlegend":true,"showscale":false,"x":[-0.0772377082793561,-0.055169791628111496,-0.033101874976866896,-0.011033958325622303,0.01103395832562229,0.033101874976866896,0.055169791628111475,0.07723770827935608],"y":[0.144560514746047,0.289111029492094,0.433661544238141,0.5782120589841879,0.7227625737302349,0.867313088476282,1.011863603222329,1.156414117968376],"z":[[0.9999999998681857,0.9999999998682334,0.9999999998682805,0.9999999998683269,0.9999999998683725,0.9999999998684176,0.9999999998684619,0.9999999998685054],[0.9999999998617544,0.9999999998619049,0.9999999998620596,0.999999999862218,0.99999999986238,0.9999999998625452,0.9999999998627132,0.9999999998628835],[0.9999999998170991,0.9999999998179165,0.9999999998187957,0.9999999998197333,0.9999999998207251,0.9999999998217666,0.9999999998228528,0.9999999998239788],[0.9999999993022108,0.9999999993005473,0.9999999993006435,0.9999999993024932,0.9999999993060658,0.9999999993113085,0.9999999993181473,0.9999999993264904],[0.9999998218920628,0.9999998068289695,0.9999997927248169,0.9999997800259013,0.9999997691438258,0.9999997604294926,0.9999997541515881,0.9999997504815085],[0.9994970590140743,0.9994925586226036,0.9994891388522607,0.9994867659382306,0.9994854045932017,0.9994850183749802,0.9994855700086062,0.9994870216665975],[0.9988730328671264,0.9988703375550816,0.9988685924639926,0.9988677605224302,0.9988678053985984,0.9988686916008481,0.9988703845571529,0.9988728506760922],[0.9984105874774818,0.99840834265817,0.9984067808072271,0.998405872216251,0.9984055884351232,0.9984059022625122,0.9984067877301378,0.9984082200818487]],"type":"surface","scene":"scene2"},{"colorscale":[[0.0,"#0d0887"],[0.1111111111111111,"#46039f"],[0.2222222222222222,"#7201a8"],[0.3333333333333333,"#9c179e"],[0.4444444444444444,"#bd3786"],[0.5555555555555556,"#d8576b"],[0.6666666666666666,"#ed7953"],[0.7777777777777778,"#fb9f3a"],[0.8888888888888888,"#fdca26"],[1.0,"#f0f921"]],"name":"NN","showlegend":true,"showscale":false,"x":[-0.0772377082793561,-0.055169791628111496,-0.033101874976866896,-0.011033958325622303,0.01103395832562229,0.033101874976866896,0.055169791628111475,0.07723770827935608],"y":[0.24240772690723,0.48480545381446,0.72720318072169,0.96960090762892,1.21199863453615,1.45439636144338,1.69679408835061,1.93919181525784],"z":[[0.9999999988592073,0.9999999988491249,0.9999999988426677,0.999999998839906,0.9999999988408539,0.9999999988454702,0.9999999988536608,0.9999999988652829],[0.9999999990438098,0.9999999990376416,0.9999999990343084,0.9999999990338425,0.9999999990362343,0.9999999990414326,0.9999999990493479,0.9999999990598551],[0.9999999991884492,0.9999999991849686,0.9999999991837152,0.9999999991846968,0.9999999991878904,0.9999999991932417,0.9999999992006685,0.9999999992100629],[0.9999999993022108,0.9999999993005473,0.9999999993006435,0.9999999993024932,0.9999999993060658,0.9999999993113085,0.9999999993181473,0.9999999993264904],[0.9999999993921526,0.9999999993916963,0.9999999993926406,0.9999999993949708,0.9999999993986538,0.9999999994036399,0.9999999994098642,0.999999999417248],[0.9999999994637058,0.9999999994640348,0.9999999994654879,0.9999999994680459,0.9999999994716756,0.9999999994763318,0.9999999994819576,0.9999999994884865],[0.9999999995210249,0.9999999995218506,0.9999999995235864,0.9999999995262114,0.9999999995296942,0.9999999995339938,0.9999999995390607,0.9999999995448388],[0.9999999995672786,0.9999999995684049,0.9999999995702754,0.9999999995728689,0.999999999576156,0.9999999995801002,0.9999999995846589,0.9999999995897838]],"type":"surface","scene":"scene3"},{"colorscale":[[0.0,"#0d0887"],[0.1111111111111111,"#46039f"],[0.2222222222222222,"#7201a8"],[0.3333333333333333,"#9c179e"],[0.4444444444444444,"#bd3786"],[0.5555555555555556,"#d8576b"],[0.6666666666666666,"#ed7953"],[0.7777777777777778,"#fb9f3a"],[0.8888888888888888,"#fdca26"],[1.0,"#f0f921"]],"name":"NN","showlegend":true,"showscale":false,"x":[0.06157894736842105,0.1131578947368421,0.16473684210526315,0.2163157894736842,0.26789473684210524,0.3194736842105263,0.37105263157894736,0.4226315789473684,0.47421052631578947,0.5257894736842105,0.5773684210526315,0.6289473684210526,0.6805263157894736,0.7321052631578947,0.7836842105263158,0.8352631578947368,0.8868421052631579,0.9384210526315789],"y":[0.144560514746047,0.289111029492094,0.433661544238141,0.5782120589841879,0.7227625737302349,0.867313088476282,1.011863603222329,1.156414117968376],"z":[[0.9119851405862943,0.9883006939039223,0.9999998785172769,0.9999999972419629,0.9999999993396902,0.9999999996701828,0.9999999997859351,0.9999999998331708,0.9999999998522963,0.9999999998603929,0.9999999998642221,0.9999999998662821,0.9999999998675198,0.9999999998683269,0.9999999998688848,0.9999999998692864,0.9999999998695845,0.9999999998698107],[0.8719228034331091,0.9469235549547339,0.9767194351016971,0.9918213965667675,0.9998678535178821,0.9999999778769088,0.9999999982052471,0.9999999994248897,0.9999999996876872,0.9999999997853745,0.9999999998280893,0.9999999998477587,0.9999999998572812,0.999999999862218,0.9999999998649847,0.9999999998666562,0.9999999998677336,0.9999999998684651],[0.8582962408305718,0.9331045646739493,0.9634118442613039,0.9792547067624509,0.9885775791625557,0.9944433627082282,0.9982497781691698,0.9999974713167721,0.999999985673492,0.9999999981310155,0.9999999994055715,0.9999999996820679,0.999999999777914,0.9999999998197333,0.9999999998403183,0.9999999998512987,0.9999999998575567,0.9999999998613427],[0.8515953166660228,0.9262486218368055,0.95676808592307,0.9729434355911383,0.9826621814131109,0.9889468772810209,0.9931884464265307,0.9961232507598442,0.9981747004725874,0.9995929109953903,0.9999994440807723,0.9999999865768566,0.9999999976803003,0.9999999993024932,0.9999999996532462,0.9999999997638539,0.9999999998095461,0.9999999998320112],[0.8475504379264666,0.9221227926757722,0.9527880035767128,0.9691675012327468,0.9791168258138198,0.9856455579661252,0.9901408740998001,0.9933283844287368,0.9956283690732488,0.9973032801569567,0.9985169279050097,0.999376838077118,0.9999276170927401,0.9999997800259013,0.9999999876904737,0.9999999971227828,0.9999999990672315,0.9999999995669008],[0.8448174190864588,0.9193460305273117,0.950118371455007,0.9666442961242823,0.9767547564112168,0.9834492023639502,0.9881113760708579,0.9914672139221392,0.9939354273277442,0.9957745168109029,0.9971531483681331,0.998183268716618,0.9989406052749868,0.9994867659382306,0.9998633304168167,0.9999952746587447,0.999999933675744,0.9999999902316811],[0.8428783860050476,0.9173643662733141,0.9482074573221646,0.9648374772042889,0.975064054873622,0.9818787084807107,0.9866620945083048,0.9901388284815387,0.9927278619978577,0.9946867991267343,0.9961829624279308,0.9973300999623564,0.9982065349060051,0.9988677605224302,0.9993581409096721,0.9997130316751646,0.9999315179427465,0.999995495460723],[0.8414369787823784,0.9158912347835826,0.946780601470974,0.9634847531788738,0.9737962778277371,0.9806996815362466,0.9855737432233822,0.9891415802857029,0.9918216470940382,0.9938711837631705,0.9954565092802434,0.9966912548849931,0.9976555141306582,0.998405872216251,0.9989837294771396,0.9994213579162672,0.9997377491872798,0.9999259793213772]],"type":"surface","scene":"scene4"},{"colorscale":[[0.0,"#0d0887"],[0.1111111111111111,"#46039f"],[0.2222222222222222,"#7201a8"],[0.3333333333333333,"#9c179e"],[0.4444444444444444,"#bd3786"],[0.5555555555555556,"#d8576b"],[0.6666666666666666,"#ed7953"],[0.7777777777777778,"#fb9f3a"],[0.8888888888888888,"#fdca26"],[1.0,"#f0f921"]],"name":"NN","showlegend":true,"showscale":false,"x":[0.06157894736842105,0.1131578947368421,0.16473684210526315,0.2163157894736842,0.26789473684210524,0.3194736842105263,0.37105263157894736,0.4226315789473684,0.47421052631578947,0.5257894736842105,0.5773684210526315,0.6289473684210526,0.6805263157894736,0.7321052631578947,0.7836842105263158,0.8352631578947368,0.8868421052631579,0.9384210526315789],"y":[0.24240772690723,0.48480545381446,0.72720318072169,0.96960090762892,1.21199863453615,1.45439636144338,1.69679408835061,1.93919181525784],"z":[[0.8515133783994984,0.9260464460034575,0.9565190104498529,0.9726689152438539,0.9823831377329445,0.9886731372022655,0.9929216780808666,0.9958616969682318,0.9979161403268801,0.9993225091100941,0.9999911808670303,0.9999999699157263,0.9999999955017459,0.999999998839906,0.9999999995192417,0.999999999712424,0.999999999785649,0.9999999998195357],[0.8515392426921183,0.9261138816687302,0.9566019384500285,0.9727603079287236,0.9824759928432593,0.9887641593230023,0.9930103316827226,0.9959485158877575,0.9980016465848086,0.999411383436903,0.9999965809669444,0.9999999776360025,0.9999999964168493,0.9999999990338425,0.9999999995740904,0.9999999997329424,0.9999999997950083,0.9999999998243643],[0.8515670658370813,0.9261813305343565,0.9566849649958783,0.9728518296702188,0.9825690403499199,0.9888554514334348,0.9930993061367581,0.9960357536223428,0.998087869641665,0.9995019736431662,0.9999986738270958,0.999999982837669,0.9999999971282937,0.9999999991846968,0.9999999996179426,0.9999999997498468,0.9999999998028876,0.9999999998284853],[0.8515953166660228,0.9262486218368055,0.95676808592307,0.9729434355911383,0.9826621814131109,0.9889468772810209,0.9931884464265307,0.9961232507598442,0.9981747004725874,0.9995929109953903,0.9999994440807723,0.9999999865768566,0.9999999976803003,0.9999999993024932,0.9999999996532462,0.9999999997638539,0.9999999998095461,0.9999999998320112],[0.8516223437769511,0.9263155582233007,0.9568512851975619,0.9730350706922655,0.9827553058359053,0.9890382876646725,0.9932775833140963,0.9962108312865791,0.9982620245478906,0.9996817608155393,0.9999997352498252,0.9999999893774161,0.9999999981081031,0.9999999993949708,0.9999999996818704,0.9999999997755245,0.999999999815194,0.9999999998350351],[0.851646406801052,0.9263819221150931,0.9569345371997561,0.9731266717974845,0.9828482940668702,0.9891295224301824,0.9933665351594296,0.9962983040498747,0.9983497242781932,0.9997649187951028,0.9999998549560518,0.9999999915246208,0.9999999984397474,0.9999999994680459,0.9999999997052451,0.9999999997852997,0.9999999998200019,0.9999999998376352],[0.8516657092984484,0.9264474820790685,0.9570178089178268,0.9732181695375908,0.9829410193609345,0.989220412706292,0.9934551100330116,0.9963854646110328,0.9984376805693156,0.9998380244706816,0.9999999100063698,0.9999999931908792,0.9999999986973565,0.9999999995262114,0.9999999997244665,0.9999999997935288,0.9999999998241088,0.9999999998398768],[0.8516784323148104,0.9265119990018256,0.9571010619698792,0.973309490310143,0.9830333500394939,0.9893107833240503,0.9935431080717471,0.9964720974525032,0.9985257726203314,0.9998971032398859,0.9999999384858644,0.9999999944913107,0.9999999988981835,0.9999999995728689,0.9999999997403793,0.9999999998004894,0.9999999998276291,0.9999999998418142]],"type":"surface","scene":"scene5"},{"colorscale":[[0.0,"#0d0887"],[0.1111111111111111,"#46039f"],[0.2222222222222222,"#7201a8"],[0.3333333333333333,"#9c179e"],[0.4444444444444444,"#bd3786"],[0.5555555555555556,"#d8576b"],[0.6666666666666666,"#ed7953"],[0.7777777777777778,"#fb9f3a"],[0.8888888888888888,"#fdca26"],[1.0,"#f0f921"]],"name":"NN","showlegend":true,"showscale":false,"x":[0.06157894736842105,0.1131578947368421,0.16473684210526315,0.2163157894736842,0.26789473684210524,0.3194736842105263,0.37105263157894736,0.4226315789473684,0.47421052631578947,0.5257894736842105,0.5773684210526315,0.6289473684210526,0.6805263157894736,0.7321052631578947,0.7836842105263158,0.8352631578947368,0.8868421052631579,0.9384210526315789],"y":[-0.0772377082793561,-0.055169791628111496,-0.033101874976866896,-0.011033958325622303,0.01103395832562229,0.033101874976866896,0.055169791628111475,0.07723770827935608],"z":[[0.8523260059874747,0.9269452156572959,0.9573885438531383,0.9734857916600321,0.9831318516587149,0.9893457804476762,0.9935159745645894,0.9963806739033023,0.998362795329846,0.9997091327871175,0.9999997188246694,0.9999999884268964,0.9999999978153808,0.9999999993022108,0.9999999996449757,0.9999999997576855,0.9999999998054299,0.9999999998292665],[0.8520777547003348,0.9267044928848277,0.9571720462809374,0.9732953257592093,0.9829662282555243,0.9892047558874965,0.9933999921959195,0.9962894453336166,0.9982962481425809,0.9996692798449661,0.9999996453344215,0.9999999877824676,0.9999999977627985,0.9999999993005473,0.9999999996472517,0.9999999997595855,0.999999999806745,0.9999999998301592],[0.8518342529163462,0.9264723555350034,0.9569652922642361,0.9731146062573373,0.9828097307898777,0.98907183188914,0.9932908388915925,0.9962036363609815,0.9982335241352783,0.9996303755763309,0.999999554486759,0.9999999871631311,0.999999997717582,0.9999999993006435,0.9999999996500174,0.9999999997616468,0.9999999998081198,0.9999999998310755],[0.8515953166660228,0.9262486218368055,0.95676808592307,0.9729434355911383,0.9826621814131109,0.9889468772810209,0.9931884464265307,0.9961232507598442,0.9981747004725874,0.9995929109953903,0.9999994440807723,0.9999999865768566,0.9999999976803003,0.9999999993024932,0.9999999996532462,0.9999999997638539,0.9999999998095461,0.9999999998320112],[0.851360765031492,0.9260331020506648,0.9565802226298916,0.9727816073704146,0.9825233914219461,0.988829745835311,0.9930927269820957,0.9960482675681023,0.9981198272855731,0.9995572608502736,0.9999993125053301,0.9999999860314105,0.9999999976513986,0.9999999993060658,0.9999999996569067,0.9999999997661908,0.999999999811016,0.9999999998329617],[0.8511304202673333,0.925825599637067,0.9564014904896445,0.9726289081200755,0.9823931634402795,0.9887202789382469,0.9930035760919852,0.9959786443323742,0.9980689301784499,0.9995237028270284,0.9999991590794566,0.9999999855341587,0.999999997631188,0.9999999993113085,0.9999999996609644,0.9999999997686412,0.9999999998125212,0.9999999998339233],[0.8509041078858217,0.9256259123779904,0.9562316717307185,0.9724851188746534,0.982271293383483,0.9886183080035682,0.992920875340628,0.9959143201059617,0.9980220127468543,0.9994924356916576,0.9999989843683249,0.999999985091872,0.9999999976198415,0.9999999993181473,0.9999999996653816,0.9999999997711884,0.9999999998140541,0.9999999998348919],[0.8506816567119622,0.9254338334477088,0.9560705440070913,0.9723500166333338,0.9821575722192076,0.988523656639679,0.992844494815963,0.9958552181954162,0.997979059047018,0.999463595061881,0.9999987904195168,0.9999999847105385,0.9999999976173937,0.9999999993264904,0.9999999996701187,0.999999999773816,0.9999999998156072,0.9999999998358636]],"type":"surface","scene":"scene6"}],"layout":{"template":{"data":{"histogram2dcontour":[{"type":"histogram2dcontour","colorbar":{"outlinewidth":0,"ticks":""},"colorscale":[[0.0,"#0d0887"],[0.1111111111111111,"#46039f"],[0.2222222222222222,"#7201a8"],[0.3333333333333333,"#9c179e"],[0.4444444444444444,"#bd3786"],[0.5555555555555556,"#d8576b"],[0.6666666666666666,"#ed7953"],[0.7777777777777778,"#fb9f3a"],[0.8888888888888888,"#fdca26"],[1.0,"#f0f921"]]}],"choropleth":[{"type":"choropleth","colorbar":{"outlinewidth":0,"ticks":""}}],"histogram2d":[{"type":"histogram2d","colorbar":{"outlinewidth":0,"ticks":""},"colorscale":[[0.0,"#0d0887"],[0.1111111111111111,"#46039f"],[0.2222222222222222,"#7201a8"],[0.3333333333333333,"#9c179e"],[0.4444444444444444,"#bd3786"],[0.5555555555555556,"#d8576b"],[0.6666666666666666,"#ed7953"],[0.7777777777777778,"#fb9f3a"],[0.8888888888888888,"#fdca26"],[1.0,"#f0f921"]]}],"heatmap":[{"type":"heatmap","colorbar":{"outlinewidth":0,"ticks":""},"colorscale":[[0.0,"#0d0887"],[0.1111111111111111,"#46039f"],[0.2222222222222222,"#7201a8"],[0.3333333333333333,"#9c179e"],[0.4444444444444444,"#bd3786"],[0.5555555555555556,"#d8576b"],[0.6666666666666666,"#ed7953"],[0.7777777777777778,"#fb9f3a"],[0.8888888888888888,"#fdca26"],[1.0,"#f0f921"]]}],"heatmapgl":[{"type":"heatmapgl","colorbar":{"outlinewidth":0,"ticks":""},"colorscale":[[0.0,"#0d0887"],[0.1111111111111111,"#46039f"],[0.2222222222222222,"#7201a8"],[0.3333333333333333,"#9c179e"],[0.4444444444444444,"#bd3786"],[0.5555555555555556,"#d8576b"],[0.6666666666666666,"#ed7953"],[0.7777777777777778,"#fb9f3a"],[0.8888888888888888,"#fdca26"],[1.0,"#f0f921"]]}],"contourcarpet":[{"type":"contourcarpet","colorbar":{"outlinewidth":0,"ticks":""}}],"contour":[{"type":"contour","colorbar":{"outlinewidth":0,"ticks":""},"colorscale":[[0.0,"#0d0887"],[0.1111111111111111,"#46039f"],[0.2222222222222222,"#7201a8"],[0.3333333333333333,"#9c179e"],[0.4444444444444444,"#bd3786"],[0.5555555555555556,"#d8576b"],[0.6666666666666666,"#ed7953"],[0.7777777777777778,"#fb9f3a"],[0.8888888888888888,"#fdca26"],[1.0,"#f0f921"]]}],"surface":[{"type":"surface","colorbar":{"outlinewidth":0,"ticks":""},"colorscale":[[0.0,"#0d0887"],[0.1111111111111111,"#46039f"],[0.2222222222222222,"#7201a8"],[0.3333333333333333,"#9c179e"],[0.4444444444444444,"#bd3786"],[0.5555555555555556,"#d8576b"],[0.6666666666666666,"#ed7953"],[0.7777777777777778,"#fb9f3a"],[0.8888888888888888,"#fdca26"],[1.0,"#f0f921"]]}],"mesh3d":[{"type":"mesh3d","colorbar":{"outlinewidth":0,"ticks":""}}],"scatter":[{"fillpattern":{"fillmode":"overlay","size":10,"solidity":0.2},"type":"scatter"}],"parcoords":[{"type":"parcoords","line":{"colorbar":{"outlinewidth":0,"ticks":""}}}],"scatterpolargl":[{"type":"scatterpolargl","marker":{"colorbar":{"outlinewidth":0,"ticks":""}}}],"bar":[{"error_x":{"color":"#2a3f5f"},"error_y":{"color":"#2a3f5f"},"marker":{"line":{"color":"#E5ECF6","width":0.5},"pattern":{"fillmode":"overlay","size":10,"solidity":0.2}},"type":"bar"}],"scattergeo":[{"type":"scattergeo","marker":{"colorbar":{"outlinewidth":0,"ticks":""}}}],"scatterpolar":[{"type":"scatterpolar","marker":{"colorbar":{"outlinewidth":0,"ticks":""}}}],"histogram":[{"marker":{"pattern":{"fillmode":"overlay","size":10,"solidity":0.2}},"type":"histogram"}],"scattergl":[{"type":"scattergl","marker":{"colorbar":{"outlinewidth":0,"ticks":""}}}],"scatter3d":[{"type":"scatter3d","line":{"colorbar":{"outlinewidth":0,"ticks":""}},"marker":{"colorbar":{"outlinewidth":0,"ticks":""}}}],"scattermapbox":[{"type":"scattermapbox","marker":{"colorbar":{"outlinewidth":0,"ticks":""}}}],"scatterternary":[{"type":"scatterternary","marker":{"colorbar":{"outlinewidth":0,"ticks":""}}}],"scattercarpet":[{"type":"scattercarpet","marker":{"colorbar":{"outlinewidth":0,"ticks":""}}}],"carpet":[{"aaxis":{"endlinecolor":"#2a3f5f","gridcolor":"white","linecolor":"white","minorgridcolor":"white","startlinecolor":"#2a3f5f"},"baxis":{"endlinecolor":"#2a3f5f","gridcolor":"white","linecolor":"white","minorgridcolor":"white","startlinecolor":"#2a3f5f"},"type":"carpet"}],"table":[{"cells":{"fill":{"color":"#EBF0F8"},"line":{"color":"white"}},"header":{"fill":{"color":"#C8D4E3"},"line":{"color":"white"}},"type":"table"}],"barpolar":[{"marker":{"line":{"color":"#E5ECF6","width":0.5},"pattern":{"fillmode":"overlay","size":10,"solidity":0.2}},"type":"barpolar"}],"pie":[{"automargin":true,"type":"pie"}]},"layout":{"autotypenumbers":"strict","colorway":["#636efa","#EF553B","#00cc96","#ab63fa","#FFA15A","#19d3f3","#FF6692","#B6E880","#FF97FF","#FECB52"],"font":{"color":"#2a3f5f"},"hovermode":"closest","hoverlabel":{"align":"left"},"paper_bgcolor":"white","plot_bgcolor":"#E5ECF6","polar":{"bgcolor":"#E5ECF6","angularaxis":{"gridcolor":"white","linecolor":"white","ticks":""},"radialaxis":{"gridcolor":"white","linecolor":"white","ticks":""}},"ternary":{"bgcolor":"#E5ECF6","aaxis":{"gridcolor":"white","linecolor":"white","ticks":""},"baxis":{"gridcolor":"white","linecolor":"white","ticks":""},"caxis":{"gridcolor":"white","linecolor":"white","ticks":""}},"coloraxis":{"colorbar":{"outlinewidth":0,"ticks":""}},"colorscale":{"sequential":[[0.0,"#0d0887"],[0.1111111111111111,"#46039f"],[0.2222222222222222,"#7201a8"],[0.3333333333333333,"#9c179e"],[0.4444444444444444,"#bd3786"],[0.5555555555555556,"#d8576b"],[0.6666666666666666,"#ed7953"],[0.7777777777777778,"#fb9f3a"],[0.8888888888888888,"#fdca26"],[1.0,"#f0f921"]],"sequentialminus":[[0.0,"#0d0887"],[0.1111111111111111,"#46039f"],[0.2222222222222222,"#7201a8"],[0.3333333333333333,"#9c179e"],[0.4444444444444444,"#bd3786"],[0.5555555555555556,"#d8576b"],[0.6666666666666666,"#ed7953"],[0.7777777777777778,"#fb9f3a"],[0.8888888888888888,"#fdca26"],[1.0,"#f0f921"]],"diverging":[[0,"#8e0152"],[0.1,"#c51b7d"],[0.2,"#de77ae"],[0.3,"#f1b6da"],[0.4,"#fde0ef"],[0.5,"#f7f7f7"],[0.6,"#e6f5d0"],[0.7,"#b8e186"],[0.8,"#7fbc41"],[0.9,"#4d9221"],[1,"#276419"]]},"xaxis":{"gridcolor":"white","linecolor":"white","ticks":"","title":{"standoff":15},"zerolinecolor":"white","automargin":true,"zerolinewidth":2},"yaxis":{"gridcolor":"white","linecolor":"white","ticks":"","title":{"standoff":15},"zerolinecolor":"white","automargin":true,"zerolinewidth":2},"scene":{"xaxis":{"backgroundcolor":"#E5ECF6","gridcolor":"white","linecolor":"white","showbackground":true,"ticks":"","zerolinecolor":"white","gridwidth":2},"yaxis":{"backgroundcolor":"#E5ECF6","gridcolor":"white","linecolor":"white","showbackground":true,"ticks":"","zerolinecolor":"white","gridwidth":2},"zaxis":{"backgroundcolor":"#E5ECF6","gridcolor":"white","linecolor":"white","showbackground":true,"ticks":"","zerolinecolor":"white","gridwidth":2}},"shapedefaults":{"line":{"color":"#2a3f5f"}},"annotationdefaults":{"arrowcolor":"#2a3f5f","arrowhead":0,"arrowwidth":1},"geo":{"bgcolor":"white","landcolor":"#E5ECF6","subunitcolor":"white","showland":true,"showlakes":true,"lakecolor":"white"},"title":{"x":0.05},"mapbox":{"style":"light"}}},"scene":{"domain":{"x":[0.0,0.125],"y":[0.0,1.0]},"zaxis":{"title":{"text":"kappa"},"nticks":4,"range":[-0.0001,1.0237844530329254],"tickformat":".4f"},"xaxis":{"title":{"text":"V"}},"yaxis":{"title":{"text":"Vtilde"}}},"scene2":{"domain":{"x":[0.175,0.3],"y":[0.0,1.0]},"zaxis":{"title":{"text":"kappa"},"nticks":4,"range":[-0.0001,1.0237844530329254],"tickformat":".4f"},"xaxis":{"title":{"text":"Z"}},"yaxis":{"title":{"text":"Vtilde"}}},"scene3":{"domain":{"x":[0.35,0.475],"y":[0.0,1.0]},"zaxis":{"title":{"text":"kappa"},"nticks":4,"range":[-0.0001,1.0237844530329254],"tickformat":".4f"},"xaxis":{"title":{"text":"Z"}},"yaxis":{"title":{"text":"V"}}},"scene4":{"domain":{"x":[0.525,0.65],"y":[0.0,1.0]},"zaxis":{"title":{"text":"kappa"},"nticks":4,"range":[-0.0001,1.0237844530329254],"tickformat":".4f"},"xaxis":{"title":{"text":"W"}},"yaxis":{"title":{"text":"Vtilde"}}},"scene5":{"domain":{"x":[0.7,0.825],"y":[0.0,1.0]},"zaxis":{"title":{"text":"kappa"},"nticks":4,"range":[-0.0001,1.0237844530329254],"tickformat":".4f"},"xaxis":{"title":{"text":"W"}},"yaxis":{"title":{"text":"V"}}},"scene6":{"domain":{"x":[0.875,1.0],"y":[0.0,1.0]},"zaxis":{"title":{"text":"kappa"},"nticks":4,"range":[-0.0001,1.0237844530329254],"tickformat":".4f"},"xaxis":{"title":{"text":"W"}},"yaxis":{"title":{"text":"Z"}}},"annotations":[{"font":{"size":16},"showarrow":false,"text":"W fixed at 0.7321, Z fixed at -0.0110<br> MFR Suite Not Solved.","x":0.0625,"xanchor":"center","xref":"paper","y":1.0,"yanchor":"bottom","yref":"paper"},{"font":{"size":16},"showarrow":false,"text":"W fixed at 0.7321, V fixed at 0.9696<br> MFR Suite Not Solved.","x":0.2375,"xanchor":"center","xref":"paper","y":1.0,"yanchor":"bottom","yref":"paper"},{"font":{"size":16},"showarrow":false,"text":"W fixed at 0.7321, Vtilde fixed at 0.5782<br> MFR Suite Not Solved.","x":0.4125,"xanchor":"center","xref":"paper","y":1.0,"yanchor":"bottom","yref":"paper"},{"font":{"size":16},"showarrow":false,"text":"Z fixed at -0.0110, V fixed at 0.9696<br> MFR Suite Not Solved.","x":0.5875,"xanchor":"center","xref":"paper","y":1.0,"yanchor":"bottom","yref":"paper"},{"font":{"size":16},"showarrow":false,"text":"Z fixed at -0.0110, Vtilde fixed at 0.5782<br> MFR Suite Not Solved.","x":0.7625,"xanchor":"center","xref":"paper","y":1.0,"yanchor":"bottom","yref":"paper"},{"font":{"size":16},"showarrow":false,"text":"V fixed at 0.9696, Vtilde fixed at 0.5782<br> MFR Suite Not Solved.","x":0.9375,"xanchor":"center","xref":"paper","y":1.0,"yanchor":"bottom","yref":"paper"}],"title":{"text":"MRF vs NN - Kappa Policy Function Interior<br><span style=\"font-size: 12px;\"> chiUnderline = 0.2, a_e = 0.15, a_h = 0.1, gamma_e = 1.0, gamma_h = 3.0, psi_e = 1.5, psi_h = 0.5</span>","x":0.5,"y":0.97,"yanchor":"top"},"height":700,"width":3500,"margin":{"t":150}}}