{"data":[{"colorscale":[[0.0,"#0d0887"],[0.1111111111111111,"#46039f"],[0.2222222222222222,"#7201a8"],[0.3333333333333333,"#9c179e"],[0.4444444444444444,"#bd3786"],[0.5555555555555556,"#d8576b"],[0.6666666666666666,"#ed7953"],[0.7777777777777778,"#fb9f3a"],[0.8888888888888888,"#fdca26"],[1.0,"#f0f921"]],"name":"NN","showlegend":true,"showscale":false,"x":[0.24240772690723,0.48480545381446,0.72720318072169,0.96960090762892,1.21199863453615,1.45439636144338,1.69679408835061,1.93919181525784],"y":[0.144560514746047,0.289111029492094,0.433661544238141,0.5782120589841879,0.7227625737302349,0.867313088476282,1.011863603222329,1.156414117968376],"z":[[0.9999999999998783,0.9999999999998768,0.9999999999998753,0.9999999999998738,0.9999999999998724,0.999999999999871,0.9999999999998697,0.9999999999998683],[0.9999999999998516,0.9999999999998498,0.9999999999998481,0.9999999999998465,0.9999999999998449,0.9999999999998435,0.9999999999998421,0.9999999999998407],[0.9999999999997041,0.9999999999997049,0.9999999999997061,0.9999999999997076,0.9999999999997092,0.9999999999997108,0.9999999999997125,0.999999999999714],[0.9999999999977406,0.9999999999978347,0.9999999999979274,0.9999999999980179,0.9999999999981054,0.9999999999981894,0.9999999999982698,0.999999999998346],[0.9999999999841352,0.999999999985986,0.9999999999874603,0.9999999999886852,0.9999999999897315,0.9999999999906408,0.9999999999914386,0.9999999999921425],[0.999999999613878,0.9999999997740038,0.9999999998433469,0.9999999998841874,0.9999999999115887,0.9999999999308395,0.9999999999446468,0.9999999999547279],[0.9999218753808278,0.9999651509023105,0.999989517844328,0.9999980669356744,0.9999997627692014,0.9999999726034114,0.9999999954967556,0.9999999987399155],[0.9995893604804565,0.9996393851161502,0.9996890483397141,0.9997386013719838,0.9997881023462455,0.9998371535233078,0.999884473068955,0.9999274159360825]],"type":"surface","scene":"scene"},{"colorscale":[[0.0,"#0d0887"],[0.1111111111111111,"#46039f"],[0.2222222222222222,"#7201a8"],[0.3333333333333333,"#9c179e"],[0.4444444444444444,"#bd3786"],[0.5555555555555556,"#d8576b"],[0.6666666666666666,"#ed7953"],[0.7777777777777778,"#fb9f3a"],[0.8888888888888888,"#fdca26"],[1.0,"#f0f921"]],"name":"NN","showlegend":true,"showscale":false,"x":[-0.0772377082793561,-0.055169791628111496,-0.033101874976866896,-0.011033958325622303,0.01103395832562229,0.033101874976866896,0.055169791628111475,0.07723770827935608],"y":[0.144560514746047,0.289111029492094,0.433661544238141,0.5782120589841879,0.7227625737302349,0.867313088476282,1.011863603222329,1.156414117968376],"z":[[0.999999999999875,0.9999999999998747,0.9999999999998742,0.9999999999998738,0.9999999999998734,0.999999999999873,0.9999999999998725,0.9999999999998721],[0.9999999999998481,0.9999999999998476,0.999999999999847,0.9999999999998465,0.9999999999998459,0.9999999999998452,0.9999999999998447,0.999999999999844],[0.9999999999997127,0.999999999999711,0.9999999999997093,0.9999999999997076,0.9999999999997058,0.999999999999704,0.9999999999997021,0.9999999999997002],[0.9999999999981133,0.9999999999980819,0.99999999999805,0.9999999999980179,0.9999999999979856,0.9999999999979532,0.9999999999979208,0.9999999999978882],[0.9999999999897546,0.9999999999894028,0.999999999989046,0.9999999999886852,0.9999999999883213,0.9999999999879556,0.9999999999875889,0.9999999999872227],[0.9999999999029574,0.9999999998969357,0.9999999998906778,0.9999999998841874,0.9999999998774673,0.9999999998705199,0.9999999998633461,0.9999999998559465],[0.9999994070330992,0.9999990965186876,0.9999986601171861,0.9999980669356744,0.9999972863437132,0.9999962903231501,0.9999950556527558,0.9999935656198976],[0.9997670664628109,0.9997573066321106,0.9997478198341152,0.9997386013719838,0.9997296454287996,0.9997209453697219,0.9997124939785185,0.9997042836422244]],"type":"surface","scene":"scene2"},{"colorscale":[[0.0,"#0d0887"],[0.1111111111111111,"#46039f"],[0.2222222222222222,"#7201a8"],[0.3333333333333333,"#9c179e"],[0.4444444444444444,"#bd3786"],[0.5555555555555556,"#d8576b"],[0.6666666666666666,"#ed7953"],[0.7777777777777778,"#fb9f3a"],[0.8888888888888888,"#fdca26"],[1.0,"#f0f921"]],"name":"NN","showlegend":true,"showscale":false,"x":[-0.0772377082793561,-0.055169791628111496,-0.033101874976866896,-0.011033958325622303,0.01103395832562229,0.033101874976866896,0.055169791628111475,0.07723770827935608],"y":[0.24240772690723,0.48480545381446,0.72720318072169,0.96960090762892,1.21199863453615,1.45439636144338,1.69679408835061,1.93919181525784],"z":[[0.9999999999978585,0.9999999999978194,0.9999999999977801,0.9999999999977406,0.9999999999977008,0.9999999999976611,0.9999999999976215,0.9999999999975819],[0.9999999999979446,0.9999999999979083,0.9999999999978716,0.9999999999978347,0.9999999999977975,0.9999999999977603,0.9999999999977233,0.9999999999976862],[0.9999999999980299,0.999999999997996,0.9999999999979619,0.9999999999979274,0.9999999999978928,0.999999999997858,0.9999999999978233,0.9999999999977887],[0.9999999999981133,0.9999999999980819,0.99999999999805,0.9999999999980179,0.9999999999979856,0.9999999999979532,0.9999999999979208,0.9999999999978882],[0.9999999999981942,0.9999999999981649,0.9999999999981353,0.9999999999981054,0.9999999999980753,0.9999999999980451,0.9999999999980148,0.9999999999979844],[0.9999999999982722,0.9999999999982448,0.9999999999982173,0.9999999999981894,0.9999999999981615,0.9999999999981333,0.9999999999981048,0.9999999999980765],[0.9999999999983468,0.9999999999983213,0.9999999999982957,0.9999999999982698,0.9999999999982436,0.9999999999982173,0.9999999999981908,0.9999999999981642],[0.9999999999984177,0.9999999999983942,0.9999999999983702,0.999999999998346,0.9999999999983216,0.999999999998297,0.9999999999982723,0.9999999999982474]],"type":"surface","scene":"scene3"},{"colorscale":[[0.0,"#0d0887"],[0.1111111111111111,"#46039f"],[0.2222222222222222,"#7201a8"],[0.3333333333333333,"#9c179e"],[0.4444444444444444,"#bd3786"],[0.5555555555555556,"#d8576b"],[0.6666666666666666,"#ed7953"],[0.7777777777777778,"#fb9f3a"],[0.8888888888888888,"#fdca26"],[1.0,"#f0f921"]],"name":"NN","showlegend":true,"showscale":false,"x":[0.06157894736842105,0.1131578947368421,0.16473684210526315,0.2163157894736842,0.26789473684210524,0.3194736842105263,0.37105263157894736,0.4226315789473684,0.47421052631578947,0.5257894736842105,0.5773684210526315,0.6289473684210526,0.6805263157894736,0.7321052631578947,0.7836842105263158,0.8352631578947368,0.8868421052631579,0.9384210526315789],"y":[0.144560514746047,0.289111029492094,0.433661544238141,0.5782120589841879,0.7227625737302349,0.867313088476282,1.011863603222329,1.156414117968376],"z":[[0.9983981998019325,0.9999999999842009,0.9999999999989396,0.9999999999996831,0.999999999999804,0.9999999999998407,0.9999999999998578,0.9999999999998677,0.9999999999998738,0.999999999999878,0.9999999999998809,0.9999999999998829,0.9999999999998844,0.9999999999998856,0.9999999999998865,0.9999999999998872,0.9999999999998878,0.9999999999998881],[0.9809352766807807,0.9976764870012359,0.9999999998340074,0.9999999999953576,0.9999999999988305,0.9999999999995915,0.9999999999997677,0.999999999999822,0.9999999999998465,0.99999999999986,0.9999999999998684,0.9999999999998738,0.9999999999998775,0.9999999999998801,0.999999999999882,0.9999999999998834,0.9999999999998845,0.9999999999998853],[0.9750363071028616,0.9920580623566796,0.9980984975079092,0.9999999950822546,0.9999999999804586,0.9999999999959919,0.9999999999985019,0.9999999999994228,0.9999999999997076,0.9999999999997949,0.9999999999998311,0.9999999999998501,0.9999999999998614,0.9999999999998687,0.9999999999998735,0.9999999999998769,0.9999999999998793,0.9999999999998811],[0.9721254732529093,0.9892426709798168,0.9954571263058928,0.9984906348866665,0.9999919726763027,0.9999999999048056,0.999999999987893,0.9999999999956484,0.9999999999980179,0.9999999999991445,0.9999999999996037,0.9999999999997534,0.9999999999998097,0.9999999999998371,0.9999999999998527,0.9999999999998623,0.9999999999998687,0.9999999999998731],[0.9703780706645886,0.9875592991714873,0.9938669095327951,0.9970032317555136,0.9987880299004511,0.9998726600111064,0.9999999995289557,0.9999999999618093,0.9999999999886852,0.9999999999948863,0.9999999999973902,0.9999999999987316,0.9999999999994219,0.9999999999996845,0.9999999999997782,0.9999999999998193,0.9999999999998411,0.9999999999998543],[0.9692040502520732,0.986434288396731,0.9928064598283484,0.9960084788186999,0.9978615182229552,0.9990156821771037,0.9997671708774125,0.9999999787939563,0.9999999998841874,0.9999999999724684,0.999999999988085,0.9999999999938397,0.9999999999966167,0.9999999999981832,0.9999999999991224,0.9999999999995639,0.999999999999728,0.9999999999997935],[0.9683619217844723,0.985627539906462,0.9920494667981961,0.9952983619360877,0.997199042265109,0.9984007655903845,0.9991956367112501,0.9997338798102764,0.9999980669356744,0.9999999996726948,0.9999999999357526,0.9999999999756889,0.9999999999871008,0.9999999999926268,0.9999999999957043,0.9999999999975164,0.9999999999986838,0.9999999999993546],[0.9677328473174093,0.9850230920879635,0.9914822865787123,0.9947666829092396,0.9967037510839453,0.9979401733519261,0.9987695385405396,0.9993410204889257,0.9997386013719838,0.9999844237075629,0.9999999979585681,0.9999999998636819,0.9999999999538409,0.9999999999770277,0.9999999999861363,0.9999999999913946,0.999999999994692,0.9999999999967523]],"type":"surface","scene":"scene4"},{"colorscale":[[0.0,"#0d0887"],[0.1111111111111111,"#46039f"],[0.2222222222222222,"#7201a8"],[0.3333333333333333,"#9c179e"],[0.4444444444444444,"#bd3786"],[0.5555555555555556,"#d8576b"],[0.6666666666666666,"#ed7953"],[0.7777777777777778,"#fb9f3a"],[0.8888888888888888,"#fdca26"],[1.0,"#f0f921"]],"name":"NN","showlegend":true,"showscale":false,"x":[0.06157894736842105,0.1131578947368421,0.16473684210526315,0.2163157894736842,0.26789473684210524,0.3194736842105263,0.37105263157894736,0.4226315789473684,0.47421052631578947,0.5257894736842105,0.5773684210526315,0.6289473684210526,0.6805263157894736,0.7321052631578947,0.7836842105263158,0.8352631578947368,0.8868421052631579,0.9384210526315789],"y":[0.24240772690723,0.48480545381446,0.72720318072169,0.96960090762892,1.21199863453615,1.45439636144338,1.69679408835061,1.93919181525784],"z":[[0.9717663513459445,0.988852848756973,0.9950799323518238,0.9981324192838621,0.999823239622847,0.9999999997447792,0.9999999999822952,0.9999999999947903,0.9999999999977406,0.9999999999990403,0.9999999999995784,0.9999999999997505,0.9999999999998114,0.9999999999998395,0.9999999999998549,0.9999999999998642,0.9999999999998704,0.9999999999998745],[0.9718878612551074,0.9889850968854995,0.9952067940951025,0.9982520845549911,0.9999126071023366,0.999999999827067,0.9999999999846275,0.9999999999950979,0.9999999999978347,0.9999999999990759,0.9999999999995871,0.9999999999997514,0.9999999999998108,0.9999999999998387,0.9999999999998541,0.9999999999998637,0.9999999999998699,0.9999999999998741],[0.9720069287873347,0.9891144610256173,0.9953321035272662,0.9983712370934356,0.9999680292805441,0.9999999998740544,0.9999999999864334,0.9999999999953832,0.9999999999979274,0.9999999999991107,0.9999999999995955,0.9999999999997524,0.9999999999998103,0.9999999999998379,0.9999999999998535,0.999999999999863,0.9999999999998693,0.9999999999998735],[0.9721254732529093,0.9892426709798168,0.9954571263058928,0.9984906348866665,0.9999919726763027,0.9999999999048056,0.999999999987893,0.9999999999956484,0.9999999999980179,0.9999999999991445,0.9999999999996037,0.9999999999997534,0.9999999999998097,0.9999999999998371,0.9999999999998527,0.9999999999998623,0.9999999999998687,0.9999999999998731],[0.9722443284397289,0.9893708283421815,0.9955828110658799,0.998610943655895,0.9999985983685742,0.9999999999262535,0.9999999999891092,0.9999999999958944,0.9999999999981054,0.9999999999991769,0.9999999999996113,0.9999999999997543,0.9999999999998092,0.9999999999998364,0.999999999999852,0.9999999999998617,0.9999999999998681,0.9999999999998725],[0.9723637557419531,0.9894996805772535,0.9957099114114728,0.9987327516102805,0.9999997986476412,0.9999999999417158,0.9999999999901432,0.9999999999961225,0.9999999999981894,0.9999999999992075,0.9999999999996184,0.9999999999997552,0.9999999999998087,0.9999999999998356,0.9999999999998512,0.999999999999861,0.9999999999998674,0.9999999999998719],[0.9724837714855199,0.9896297980037521,0.995839061996252,0.9988565713722973,0.9999999685665262,0.9999999999531108,0.9999999999910341,0.9999999999963337,0.9999999999982698,0.9999999999992364,0.9999999999996251,0.9999999999997559,0.9999999999998082,0.9999999999998348,0.9999999999998505,0.9999999999998603,0.9999999999998669,0.9999999999998713],[0.9726043319437723,0.98976167609386,0.9959708198338691,0.9989828281602695,0.9999999932870847,0.9999999999616624,0.9999999999918077,0.999999999996529,0.999999999998346,0.9999999999992635,0.9999999999996312,0.9999999999997565,0.9999999999998076,0.999999999999834,0.9999999999998497,0.9999999999998596,0.9999999999998662,0.9999999999998708]],"type":"surface","scene":"scene5"},{"colorscale":[[0.0,"#0d0887"],[0.1111111111111111,"#46039f"],[0.2222222222222222,"#7201a8"],[0.3333333333333333,"#9c179e"],[0.4444444444444444,"#bd3786"],[0.5555555555555556,"#d8576b"],[0.6666666666666666,"#ed7953"],[0.7777777777777778,"#fb9f3a"],[0.8888888888888888,"#fdca26"],[1.0,"#f0f921"]],"name":"NN","showlegend":true,"showscale":false,"x":[0.06157894736842105,0.1131578947368421,0.16473684210526315,0.2163157894736842,0.26789473684210524,0.3194736842105263,0.37105263157894736,0.4226315789473684,0.47421052631578947,0.5257894736842105,0.5773684210526315,0.6289473684210526,0.6805263157894736,0.7321052631578947,0.7836842105263158,0.8352631578947368,0.8868421052631579,0.9384210526315789],"y":[-0.0772377082793561,-0.055169791628111496,-0.033101874976866896,-0.011033958325622303,0.01103395832562229,0.033101874976866896,0.055169791628111475,0.07723770827935608],"z":[[0.9724050510755101,0.9894832778949383,0.9956602977336891,0.9986652340394094,0.9999989184934077,0.999999999927152,0.9999999999893759,0.9999999999959654,0.9999999999981133,0.9999999999991711,0.9999999999996108,0.9999999999997564,0.9999999999998118,0.9999999999998389,0.9999999999998543,0.9999999999998639,0.9999999999998701,0.9999999999998743],[0.9723077635566748,0.9894005444265102,0.9955906294859259,0.9986056465468244,0.99999777195584,0.9999999999203246,0.9999999999889013,0.9999999999958621,0.9999999999980819,0.9999999999991623,0.9999999999996084,0.9999999999997554,0.9999999999998112,0.9999999999998384,0.9999999999998538,0.9999999999998633,0.9999999999998697,0.9999999999998739],[0.9722145988536753,0.9893203498373967,0.9955229073097188,0.9985474336904798,0.999995642228042,0.9999999999128897,0.9999999999884069,0.9999999999957563,0.99999999999805,0.9999999999991535,0.9999999999996061,0.9999999999997544,0.9999999999998104,0.9999999999998377,0.9999999999998532,0.9999999999998629,0.9999999999998692,0.9999999999998734],[0.9721254732529093,0.9892426709798168,0.9954571263058928,0.9984906348866665,0.9999919726763027,0.9999999999048056,0.999999999987893,0.9999999999956484,0.9999999999980179,0.9999999999991445,0.9999999999996037,0.9999999999997534,0.9999999999998097,0.9999999999998371,0.9999999999998527,0.9999999999998623,0.9999999999998687,0.9999999999998731],[0.972040299053989,0.9891674813137388,0.995393277829084,0.9984352824371142,0.9999861194100049,0.9999999998960263,0.9999999999873599,0.9999999999955383,0.9999999999979856,0.9999999999991356,0.9999999999996013,0.9999999999997523,0.9999999999998089,0.9999999999998365,0.9999999999998521,0.9999999999998619,0.9999999999998682,0.9999999999998727],[0.9719589854281286,0.9890947512243677,0.9953313498430623,0.9983814020441188,0.9999774567913297,0.9999999998864997,0.999999999986808,0.9999999999954264,0.9999999999979532,0.9999999999991267,0.9999999999995989,0.9999999999997513,0.9999999999998083,0.9999999999998358,0.9999999999998516,0.9999999999998613,0.9999999999998678,0.9999999999998722],[0.9718814392409368,0.9890244483445368,0.9952713272603102,0.9983290132845921,0.99996549898266,0.999999999876165,0.9999999999862381,0.999999999995313,0.9999999999979208,0.9999999999991179,0.9999999999995965,0.9999999999997502,0.9999999999998075,0.9999999999998352,0.999999999999851,0.9999999999998608,0.9999999999998673,0.9999999999998718],[0.971807565830281,0.9889565378778991,0.9952131922651859,0.9982781300635304,0.9999499933234867,0.9999999998649495,0.9999999999856511,0.9999999999951981,0.9999999999978882,0.9999999999991092,0.9999999999995941,0.9999999999997492,0.9999999999998067,0.9999999999998346,0.9999999999998505,0.9999999999998602,0.9999999999998668,0.9999999999998713]],"type":"surface","scene":"scene6"}],"layout":{"template":{"data":{"histogram2dcontour":[{"type":"histogram2dcontour","colorbar":{"outlinewidth":0,"ticks":""},"colorscale":[[0.0,"#0d0887"],[0.1111111111111111,"#46039f"],[0.2222222222222222,"#7201a8"],[0.3333333333333333,"#9c179e"],[0.4444444444444444,"#bd3786"],[0.5555555555555556,"#d8576b"],[0.6666666666666666,"#ed7953"],[0.7777777777777778,"#fb9f3a"],[0.8888888888888888,"#fdca26"],[1.0,"#f0f921"]]}],"choropleth":[{"type":"choropleth","colorbar":{"outlinewidth":0,"ticks":""}}],"histogram2d":[{"type":"histogram2d","colorbar":{"outlinewidth":0,"ticks":""},"colorscale":[[0.0,"#0d0887"],[0.1111111111111111,"#46039f"],[0.2222222222222222,"#7201a8"],[0.3333333333333333,"#9c179e"],[0.4444444444444444,"#bd3786"],[0.5555555555555556,"#d8576b"],[0.6666666666666666,"#ed7953"],[0.7777777777777778,"#fb9f3a"],[0.8888888888888888,"#fdca26"],[1.0,"#f0f921"]]}],"heatmap":[{"type":"heatmap","colorbar":{"outlinewidth":0,"ticks":""},"colorscale":[[0.0,"#0d0887"],[0.1111111111111111,"#46039f"],[0.2222222222222222,"#7201a8"],[0.3333333333333333,"#9c179e"],[0.4444444444444444,"#bd3786"],[0.5555555555555556,"#d8576b"],[0.6666666666666666,"#ed7953"],[0.7777777777777778,"#fb9f3a"],[0.8888888888888888,"#fdca26"],[1.0,"#f0f921"]]}],"heatmapgl":[{"type":"heatmapgl","colorbar":{"outlinewidth":0,"ticks":""},"colorscale":[[0.0,"#0d0887"],[0.1111111111111111,"#46039f"],[0.2222222222222222,"#7201a8"],[0.3333333333333333,"#9c179e"],[0.4444444444444444,"#bd3786"],[0.5555555555555556,"#d8576b"],[0.6666666666666666,"#ed7953"],[0.7777777777777778,"#fb9f3a"],[0.8888888888888888,"#fdca26"],[1.0,"#f0f921"]]}],"contourcarpet":[{"type":"contourcarpet","colorbar":{"outlinewidth":0,"ticks":""}}],"contour":[{"type":"contour","colorbar":{"outlinewidth":0,"ticks":""},"colorscale":[[0.0,"#0d0887"],[0.1111111111111111,"#46039f"],[0.2222222222222222,"#7201a8"],[0.3333333333333333,"#9c179e"],[0.4444444444444444,"#bd3786"],[0.5555555555555556,"#d8576b"],[0.6666666666666666,"#ed7953"],[0.7777777777777778,"#fb9f3a"],[0.8888888888888888,"#fdca26"],[1.0,"#f0f921"]]}],"surface":[{"type":"surface","colorbar":{"outlinewidth":0,"ticks":""},"colorscale":[[0.0,"#0d0887"],[0.1111111111111111,"#46039f"],[0.2222222222222222,"#7201a8"],[0.3333333333333333,"#9c179e"],[0.4444444444444444,"#bd3786"],[0.5555555555555556,"#d8576b"],[0.6666666666666666,"#ed7953"],[0.7777777777777778,"#fb9f3a"],[0.8888888888888888,"#fdca26"],[1.0,"#f0f921"]]}],"mesh3d":[{"type":"mesh3d","colorbar":{"outlinewidth":0,"ticks":""}}],"scatter":[{"fillpattern":{"fillmode":"overlay","size":10,"solidity":0.2},"type":"scatter"}],"parcoords":[{"type":"parcoords","line":{"colorbar":{"outlinewidth":0,"ticks":""}}}],"scatterpolargl":[{"type":"scatterpolargl","marker":{"colorbar":{"outlinewidth":0,"ticks":""}}}],"bar":[{"error_x":{"color":"#2a3f5f"},"error_y":{"color":"#2a3f5f"},"marker":{"line":{"color":"#E5ECF6","width":0.5},"pattern":{"fillmode":"overlay","size":10,"solidity":0.2}},"type":"bar"}],"scattergeo":[{"type":"scattergeo","marker":{"colorbar":{"outlinewidth":0,"ticks":""}}}],"scatterpolar":[{"type":"scatterpolar","marker":{"colorbar":{"outlinewidth":0,"ticks":""}}}],"histogram":[{"marker":{"pattern":{"fillmode":"overlay","size":10,"solidity":0.2}},"type":"histogram"}],"scattergl":[{"type":"scattergl","marker":{"colorbar":{"outlinewidth":0,"ticks":""}}}],"scatter3d":[{"type":"scatter3d","line":{"colorbar":{"outlinewidth":0,"ticks":""}},"marker":{"colorbar":{"outlinewidth":0,"ticks":""}}}],"scattermapbox":[{"type":"scattermapbox","marker":{"colorbar":{"outlinewidth":0,"ticks":""}}}],"scatterternary":[{"type":"scatterternary","marker":{"colorbar":{"outlinewidth":0,"ticks":""}}}],"scattercarpet":[{"type":"scattercarpet","marker":{"colorbar":{"outlinewidth":0,"ticks":""}}}],"carpet":[{"aaxis":{"endlinecolor":"#2a3f5f","gridcolor":"white","linecolor":"white","minorgridcolor":"white","startlinecolor":"#2a3f5f"},"baxis":{"endlinecolor":"#2a3f5f","gridcolor":"white","linecolor":"white","minorgridcolor":"white","startlinecolor":"#2a3f5f"},"type":"carpet"}],"table":[{"cells":{"fill":{"color":"#EBF0F8"},"line":{"color":"white"}},"header":{"fill":{"color":"#C8D4E3"},"line":{"color":"white"}},"type":"table"}],"barpolar":[{"marker":{"line":{"color":"#E5ECF6","width":0.5},"pattern":{"fillmode":"overlay","size":10,"solidity":0.2}},"type":"barpolar"}],"pie":[{"automargin":true,"type":"pie"}]},"layout":{"autotypenumbers":"strict","colorway":["#636efa","#EF553B","#00cc96","#ab63fa","#FFA15A","#19d3f3","#FF6692","#B6E880","#FF97FF","#FECB52"],"font":{"color":"#2a3f5f"},"hovermode":"closest","hoverlabel":{"align":"left"},"paper_bgcolor":"white","plot_bgcolor":"#E5ECF6","polar":{"bgcolor":"#E5ECF6","angularaxis":{"gridcolor":"white","linecolor":"white","ticks":""},"radialaxis":{"gridcolor":"white","linecolor":"white","ticks":""}},"ternary":{"bgcolor":"#E5ECF6","aaxis":{"gridcolor":"white","linecolor":"white","ticks":""},"baxis":{"gridcolor":"white","linecolor":"white","ticks":""},"caxis":{"gridcolor":"white","linecolor":"white","ticks":""}},"coloraxis":{"colorbar":{"outlinewidth":0,"ticks":""}},"colorscale":{"sequential":[[0.0,"#0d0887"],[0.1111111111111111,"#46039f"],[0.2222222222222222,"#7201a8"],[0.3333333333333333,"#9c179e"],[0.4444444444444444,"#bd3786"],[0.5555555555555556,"#d8576b"],[0.6666666666666666,"#ed7953"],[0.7777777777777778,"#fb9f3a"],[0.8888888888888888,"#fdca26"],[1.0,"#f0f921"]],"sequentialminus":[[0.0,"#0d0887"],[0.1111111111111111,"#46039f"],[0.2222222222222222,"#7201a8"],[0.3333333333333333,"#9c179e"],[0.4444444444444444,"#bd3786"],[0.5555555555555556,"#d8576b"],[0.6666666666666666,"#ed7953"],[0.7777777777777778,"#fb9f3a"],[0.8888888888888888,"#fdca26"],[1.0,"#f0f921"]],"diverging":[[0,"#8e0152"],[0.1,"#c51b7d"],[0.2,"#de77ae"],[0.3,"#f1b6da"],[0.4,"#fde0ef"],[0.5,"#f7f7f7"],[0.6,"#e6f5d0"],[0.7,"#b8e186"],[0.8,"#7fbc41"],[0.9,"#4d9221"],[1,"#276419"]]},"xaxis":{"gridcolor":"white","linecolor":"white","ticks":"","title":{"standoff":15},"zerolinecolor":"white","automargin":true,"zerolinewidth":2},"yaxis":{"gridcolor":"white","linecolor":"white","ticks":"","title":{"standoff":15},"zerolinecolor":"white","automargin":true,"zerolinewidth":2},"scene":{"xaxis":{"backgroundcolor":"#E5ECF6","gridcolor":"white","linecolor":"white","showbackground":true,"ticks":"","zerolinecolor":"white","gridwidth":2},"yaxis":{"backgroundcolor":"#E5ECF6","gridcolor":"white","linecolor":"white","showbackground":true,"ticks":"","zerolinecolor":"white","gridwidth":2},"zaxis":{"backgroundcolor":"#E5ECF6","gridcolor":"white","linecolor":"white","showbackground":true,"ticks":"","zerolinecolor":"white","gridwidth":2}},"shapedefaults":{"line":{"color":"#2a3f5f"}},"annotationdefaults":{"arrowcolor":"#2a3f5f","arrowhead":0,"arrowwidth":1},"geo":{"bgcolor":"white","landcolor":"#E5ECF6","subunitcolor":"white","showland":true,"showlakes":true,"lakecolor":"white"},"title":{"x":0.05},"mapbox":{"style":"light"}}},"scene":{"domain":{"x":[0.0,0.125],"y":[0.0,1.0]},"xaxis":{"title":{"text":"V"}},"yaxis":{"title":{"text":"Vtilde"}},"zaxis":{"title":{"text":"kappa"}}},"scene2":{"domain":{"x":[0.175,0.3],"y":[0.0,1.0]},"xaxis":{"title":{"text":"Z"}},"yaxis":{"title":{"text":"Vtilde"}},"zaxis":{"title":{"text":"kappa"}}},"scene3":{"domain":{"x":[0.35,0.475],"y":[0.0,1.0]},"xaxis":{"title":{"text":"Z"}},"yaxis":{"title":{"text":"V"}},"zaxis":{"title":{"text":"kappa"}}},"scene4":{"domain":{"x":[0.525,0.65],"y":[0.0,1.0]},"xaxis":{"title":{"text":"W"}},"yaxis":{"title":{"text":"Vtilde"}},"zaxis":{"title":{"text":"kappa"}}},"scene5":{"domain":{"x":[0.7,0.825],"y":[0.0,1.0]},"xaxis":{"title":{"text":"W"}},"yaxis":{"title":{"text":"V"}},"zaxis":{"title":{"text":"kappa"}}},"scene6":{"domain":{"x":[0.875,1.0],"y":[0.0,1.0]},"xaxis":{"title":{"text":"W"}},"yaxis":{"title":{"text":"Z"}},"zaxis":{"title":{"text":"kappa"}}},"annotations":[{"font":{"size":16},"showarrow":false,"text":"W fixed at 0.4742, Z fixed at -0.0110<br> MFR Suite Not Solved.","x":0.0625,"xanchor":"center","xref":"paper","y":1.0,"yanchor":"bottom","yref":"paper"},{"font":{"size":16},"showarrow":false,"text":"W fixed at 0.4742, V fixed at 0.9696<br> MFR Suite Not Solved.","x":0.2375,"xanchor":"center","xref":"paper","y":1.0,"yanchor":"bottom","yref":"paper"},{"font":{"size":16},"showarrow":false,"text":"W fixed at 0.4742, Vtilde fixed at 0.5782<br> MFR Suite Not Solved.","x":0.4125,"xanchor":"center","xref":"paper","y":1.0,"yanchor":"bottom","yref":"paper"},{"font":{"size":16},"showarrow":false,"text":"Z fixed at -0.0110, V fixed at 0.9696<br> MFR Suite Not Solved.","x":0.5875,"xanchor":"center","xref":"paper","y":1.0,"yanchor":"bottom","yref":"paper"},{"font":{"size":16},"showarrow":false,"text":"Z fixed at -0.0110, Vtilde fixed at 0.5782<br> MFR Suite Not Solved.","x":0.7625,"xanchor":"center","xref":"paper","y":1.0,"yanchor":"bottom","yref":"paper"},{"font":{"size":16},"showarrow":false,"text":"V fixed at 0.9696, Vtilde fixed at 0.5782<br> MFR Suite Not Solved.","x":0.9375,"xanchor":"center","xref":"paper","y":1.0,"yanchor":"bottom","yref":"paper"}],"title":{"text":"MRF vs NN - Kappa Policy Function Interior<br><span style=\"font-size: 12px;\"> chiUnderline = 0.2, a_e = 0.15, a_h = 0.1, gamma_e = 0.5, gamma_h = 8.0, psi_e = 1.5, psi_h = 0.5</span>","x":0.5,"y":0.97,"yanchor":"top"},"height":700,"width":3500,"margin":{"t":150}}}