{"data":[{"colorscale":[[0.0,"#0d0887"],[0.1111111111111111,"#46039f"],[0.2222222222222222,"#7201a8"],[0.3333333333333333,"#9c179e"],[0.4444444444444444,"#bd3786"],[0.5555555555555556,"#d8576b"],[0.6666666666666666,"#ed7953"],[0.7777777777777778,"#fb9f3a"],[0.8888888888888888,"#fdca26"],[1.0,"#f0f921"]],"name":"NN","showlegend":true,"showscale":false,"x":[0.24240772690723,0.48480545381446,0.72720318072169,0.96960090762892,1.21199863453615,1.45439636144338,1.69679408835061,1.93919181525784],"y":[0.144560514746047,0.289111029492094,0.433661544238141,0.5782120589841879,0.7227625737302349,0.867313088476282,1.011863603222329,1.156414117968376],"z":[[0.9999999922970872,0.9999999922849737,0.9999999922739798,0.9999999922638972,0.9999999922545072,0.9999999922456386,0.9999999922371711,0.9999999922290228],[0.9999999923455214,0.9999999923251675,0.9999999923040672,0.9999999922825281,0.9999999922607501,0.9999999922389056,0.9999999922171643,0.9999999921956962],[0.9999999912740097,0.9999999912438398,0.9999999912166165,0.9999999911924298,0.9999999911712653,0.9999999911530573,0.9999999911377073,0.9999999911250931],[0.9999999894298007,0.9999999894884565,0.9999999895426346,0.9999999895934949,0.9999999896417631,0.9999999896879161,0.9999999897322867,0.9999999897751187],[0.9999999840003011,0.9999999848952115,0.9999999855817372,0.9999999861235233,0.9999999865608669,0.9999999869207118,0.9999999872218425,0.999999987477757],[0.9999998558379366,0.9999999132144904,0.9999999397729776,0.9999999544024081,0.9999999634148411,0.9999999693789902,0.9999999735216936,0.9999999765040795],[0.9998835713149558,0.9999353845454707,0.9999713444033687,0.9999897854653801,0.9999967263746639,0.9999988763971701,0.9999995327392419,0.9999997595362997],[0.9995539654129312,0.999608388959227,0.99966293855366,0.9997178823870777,0.9997731832053556,0.9998279902207544,0.9998799476403883,0.9999250334670702]],"type":"surface","scene":"scene"},{"colorscale":[[0.0,"#0d0887"],[0.1111111111111111,"#46039f"],[0.2222222222222222,"#7201a8"],[0.3333333333333333,"#9c179e"],[0.4444444444444444,"#bd3786"],[0.5555555555555556,"#d8576b"],[0.6666666666666666,"#ed7953"],[0.7777777777777778,"#fb9f3a"],[0.8888888888888888,"#fdca26"],[1.0,"#f0f921"]],"name":"NN","showlegend":true,"showscale":false,"x":[-0.0772377082793561,-0.055169791628111496,-0.033101874976866896,-0.011033958325622303,0.01103395832562229,0.033101874976866896,0.055169791628111475,0.07723770827935608],"y":[0.144560514746047,0.289111029492094,0.433661544238141,0.5782120589841879,0.7227625737302349,0.867313088476282,1.011863603222329,1.156414117968376],"z":[[0.9999999922555977,0.9999999922585356,0.9999999922613017,0.9999999922638972,0.9999999922663242,0.999999992268584,0.999999992270678,0.9999999922726077],[0.9999999922860711,0.9999999922851823,0.9999999922839999,0.9999999922825281,0.9999999922807712,0.9999999922787334,0.999999992276419,0.9999999922738323],[0.9999999912287052,0.9999999912169273,0.9999999912048326,0.9999999911924298,0.9999999911797278,0.9999999911667361,0.9999999911534638,0.999999991139921],[0.9999999897140848,0.9999999896747893,0.9999999896345995,0.9999999895934949,0.9999999895514535,0.9999999895084514,0.9999999894644624,0.9999999894194586],[0.9999999867724654,0.9999999865715954,0.999999986355804,0.9999999861235233,0.9999999858729955,0.999999985602249,0.9999999853090702,0.9999999849909719],[0.999999965812032,0.9999999626193328,0.9999999588608818,0.9999999544024081,0.9999999490652015,0.9999999426066211,0.9999999346905021,0.9999999248416679],[0.9999974220535985,0.9999958829147052,0.9999934597150194,0.9999897854653801,0.999984465983051,0.9999771500965376,0.99996760653212,0.99995577804405],[0.9997824047145899,0.999760546002662,0.9997390265654656,0.9997178823870777,0.999697127214016,0.9996767610943919,0.9996567763737236,0.9996371616914321]],"type":"surface","scene":"scene2"},{"colorscale":[[0.0,"#0d0887"],[0.1111111111111111,"#46039f"],[0.2222222222222222,"#7201a8"],[0.3333333333333333,"#9c179e"],[0.4444444444444444,"#bd3786"],[0.5555555555555556,"#d8576b"],[0.6666666666666666,"#ed7953"],[0.7777777777777778,"#fb9f3a"],[0.8888888888888888,"#fdca26"],[1.0,"#f0f921"]],"name":"NN","showlegend":true,"showscale":false,"x":[-0.0772377082793561,-0.055169791628111496,-0.033101874976866896,-0.011033958325622303,0.01103395832562229,0.033101874976866896,0.055169791628111475,0.07723770827935608],"y":[0.24240772690723,0.48480545381446,0.72720318072169,0.96960090762892,1.21199863453615,1.45439636144338,1.69679408835061,1.93919181525784],"z":[[0.9999999895707945,0.999999989525051,0.9999999894780675,0.9999999894298007,0.999999989380204,0.9999999893292266,0.9999999892768142,0.9999999892229078],[0.9999999896217708,0.9999999895784464,0.9999999895340195,0.9999999894884565,0.9999999894417207,0.999999989393773,0.9999999893445706,0.9999999892940674],[0.9999999896692211,0.9999999896280235,0.9999999895858368,0.9999999895426346,0.9999999894983885,0.9999999894530676,0.9999999894066387,0.9999999893590656],[0.9999999897140848,0.9999999896747893,0.9999999896345995,0.9999999895934949,0.9999999895514535,0.9999999895084514,0.9999999894644624,0.9999999894194586],[0.999999989756942,0.9999999897193683,0.9999999896809805,0.9999999896417631,0.9999999896016989,0.9999999895607696,0.9999999895189551,0.9999999894762333],[0.9999999897981677,0.9999999897621666,0.9999999897254199,0.9999999896879161,0.9999999896496421,0.9999999896105839,0.9999999895707259,0.9999999895300513],[0.9999999898380181,0.9999999898034637,0.9999999897682228,0.9999999897322867,0.9999999896956457,0.9999999896582894,0.9999999896202061,0.9999999895813828],[0.9999999898766775,0.9999999898434622,0.9999999898096112,0.9999999897751187,0.9999999897399774,0.9999999897041798,0.9999999896677171,0.9999999896305798]],"type":"surface","scene":"scene3"},{"colorscale":[[0.0,"#0d0887"],[0.1111111111111111,"#46039f"],[0.2222222222222222,"#7201a8"],[0.3333333333333333,"#9c179e"],[0.4444444444444444,"#bd3786"],[0.5555555555555556,"#d8576b"],[0.6666666666666666,"#ed7953"],[0.7777777777777778,"#fb9f3a"],[0.8888888888888888,"#fdca26"],[1.0,"#f0f921"]],"name":"NN","showlegend":true,"showscale":false,"x":[0.06157894736842105,0.1131578947368421,0.16473684210526315,0.2163157894736842,0.26789473684210524,0.3194736842105263,0.37105263157894736,0.4226315789473684,0.47421052631578947,0.5257894736842105,0.5773684210526315,0.6289473684210526,0.6805263157894736,0.7321052631578947,0.7836842105263158,0.8352631578947368,0.8868421052631579,0.9384210526315789],"y":[0.144560514746047,0.289111029492094,0.433661544238141,0.5782120589841879,0.7227625737302349,0.867313088476282,1.011863603222329,1.156414117968376],"z":[[0.9984008129447351,0.9999999614234429,0.9999999850696186,0.9999999893126217,0.9999999909029563,0.9999999916305572,0.9999999919935154,0.9999999921776632,0.9999999922638972,0.9999999922924618,0.9999999922861463,0.9999999922592773,0.9999999922213841,0.9999999921788425,0.999999992135772,0.9999999920946575,0.9999999920568389,0.9999999920228935],[0.9807697381999603,0.9975046180462499,0.9999999359742576,0.9999999841236883,0.9999999887060359,0.9999999904752457,0.9999999914073149,0.9999999919530738,0.9999999922825281,0.999999992479526,0.9999999925910391,0.999999992644466,0.9999999926563009,0.9999999926373438,0.9999999925957601,0.9999999925385867,0.9999999924721715,0.9999999924020305],[0.9749585298235881,0.9919500698369136,0.997999258594634,0.999999588503001,0.9999999796949244,0.999999987330667,0.9999999894442434,0.9999999905110152,0.9999999911924298,0.9999999916808248,0.9999999920463709,0.9999999923181798,0.9999999925132087,0.999999992646205,0.9999999927306494,0.9999999927772918,0.9999999927936261,0.9999999927846365],[0.9720577046203217,0.9891746116377557,0.9953767430902247,0.9984190573399024,0.9999745069434869,0.9999999617375156,0.9999999847692685,0.9999999882502564,0.9999999895934949,0.9999999903472399,0.9999999908606167,0.9999999912569956,0.9999999915894499,0.999999991879872,0.9999999921332084,0.9999999923465176,0.9999999925166145,0.9999999926444357],[0.9703132535458304,0.9874981521570758,0.9938033302181009,0.9969402856271586,0.9987338889159217,0.9998244065064861,0.9999998663486888,0.9999999774640912,0.9999999861235233,0.999999988454594,0.9999999895036583,0.9999999901208634,0.9999999905467016,0.9999999908753737,0.99999999115255,0.9999999914030931,0.9999999916400778,0.9999999918677217],[0.9691508670304437,0.9863789747004398,0.9927520680087806,0.9959566405778777,0.9978141022283749,0.998975099098582,0.9997280044118876,0.9999988300372917,0.9999999544024081,0.9999999809224702,0.9999999863342762,0.999999988275305,0.9999999892360515,0.9999999898175547,0.9999999902196582,0.9999999905257237,0.999999990777125,0.9999999909974778],[0.9683216006054043,0.9855842423477286,0.9920013797773564,0.9952555940464904,0.9971594912859675,0.9983655495842951,0.9991651307776264,0.9997055431869126,0.9999897854653801,0.9999998757444034,0.9999999677400379,0.999999981579353,0.9999999859103793,0.9999999877821397,0.9999999887826202,0.9999999894037694,0.9999999898337368,0.9999999901567059],[0.9676987497416545,0.9849903006910313,0.9914401269523982,0.9947289081865571,0.9966688833967392,0.997910133957984,0.9987425159665666,0.9993178819502478,0.9997178823870777,0.9999681603349718,0.9999995296091102,0.9999999356860055,0.9999999710313677,0.999999980934151,0.9999999849547463,0.9999999869547163,0.9999999881025484,0.9999999888362814]],"type":"surface","scene":"scene4"},{"colorscale":[[0.0,"#0d0887"],[0.1111111111111111,"#46039f"],[0.2222222222222222,"#7201a8"],[0.3333333333333333,"#9c179e"],[0.4444444444444444,"#bd3786"],[0.5555555555555556,"#d8576b"],[0.6666666666666666,"#ed7953"],[0.7777777777777778,"#fb9f3a"],[0.8888888888888888,"#fdca26"],[1.0,"#f0f921"]],"name":"NN","showlegend":true,"showscale":false,"x":[0.06157894736842105,0.1131578947368421,0.16473684210526315,0.2163157894736842,0.26789473684210524,0.3194736842105263,0.37105263157894736,0.4226315789473684,0.47421052631578947,0.5257894736842105,0.5773684210526315,0.6289473684210526,0.6805263157894736,0.7321052631578947,0.7836842105263158,0.8352631578947368,0.8868421052631579,0.9384210526315789],"y":[0.24240772690723,0.48480545381446,0.72720318072169,0.96960090762892,1.21199863453615,1.45439636144338,1.69679408835061,1.93919181525784],"z":[[0.9716939125432685,0.9887828060710007,0.9949862926083033,0.9980369575339401,0.9997361260171377,0.9999999178723551,0.9999999823340137,0.9999999877365834,0.9999999894298007,0.9999999903055835,0.9999999908811253,0.9999999913159336,0.9999999916724945,0.9999999919746825,0.9999999922282765,0.9999999924328671,0.9999999925895197,0.999999992703206],[0.9718173566140119,0.9889132075974042,0.9951155017336623,0.9981645705277031,0.9998480175563149,0.9999999403079378,0.9999999833497939,0.9999999879323628,0.9999999894884565,0.9999999903189434,0.9999999908722137,0.9999999912937151,0.9999999916423906,0.9999999919412886,0.9999999921956619,0.9999999924039406,0.9999999925655645,0.9999999926841505],[0.9719373323765791,0.9890433555736755,0.995245530582239,0.9982918114419338,0.9999298636340036,0.9999999533730805,0.9999999841383305,0.9999999881013868,0.9999999895426346,0.9999999903327702,0.9999999908654083,0.999999991274116,0.9999999916147349,0.9999999919096751,0.9999999921639358,0.9999999923751155,0.9999999925412325,0.9999999926645469],[0.9720577046203217,0.9891746116377557,0.9953767430902247,0.9984190573399024,0.9999745069434869,0.9999999617375156,0.9999999847692685,0.9999999882502564,0.9999999895934949,0.9999999903472399,0.9999999908606167,0.9999999912569956,0.9999999915894499,0.999999991879872,0.9999999921332084,0.9999999923465176,0.9999999925166145,0.9999999926444357],[0.9721805124700849,0.9893076857213765,0.9955092580093785,0.9985464746930655,0.9999920494222233,0.9999999674349648,0.9999999852861451,0.9999999883833696,0.9999999896417631,0.9999999903623983,0.9999999908577113,0.999999991242213,0.9999999915664675,0.9999999918519187,0.999999992103602,0.9999999923182868,0.9999999924918129,0.9999999926238651],[0.9723067265215111,0.9894428789301715,0.9956430338678911,0.9986741323228738,0.9999974710813742,0.9999999714896891,0.9999999857177914,0.9999999885038172,0.9999999896879161,0.9999999903782276,0.9999999908565553,0.9999999912296366,0.9999999915457307,0.9999999918258651,0.9999999920752537,0.9999999922905862,0.9999999924669574,0.9999999926029067],[0.9724365813377372,0.9895802237764909,0.9957779309992904,0.9988021195668422,0.9999990471914066,0.9999999744740959,0.9999999860842104,0.999999988613875,0.9999999897322867,0.9999999903946819,0.9999999908570144,0.9999999912191427,0.9999999915271861,0.9999999918017606,0.999999992048305,0.9999999922635954,0.9999999924422032,0.9999999925816597],[0.9725697784223652,0.9897195776173091,0.9959137573255975,0.9989306466706489,0.9999995537497129,0.9999999767323375,0.9999999863997725,0.999999988715277,0.9999999897751187,0.9999999904117035,0.9999999908589602,0.9999999912106126,0.9999999915107766,0.9999999917796442,0.9999999920228898,0.9999999922374991,0.999999992417725,0.9999999925602485]],"type":"surface","scene":"scene5"},{"colorscale":[[0.0,"#0d0887"],[0.1111111111111111,"#46039f"],[0.2222222222222222,"#7201a8"],[0.3333333333333333,"#9c179e"],[0.4444444444444444,"#bd3786"],[0.5555555555555556,"#d8576b"],[0.6666666666666666,"#ed7953"],[0.7777777777777778,"#fb9f3a"],[0.8888888888888888,"#fdca26"],[1.0,"#f0f921"]],"name":"NN","showlegend":true,"showscale":false,"x":[0.06157894736842105,0.1131578947368421,0.16473684210526315,0.2163157894736842,0.26789473684210524,0.3194736842105263,0.37105263157894736,0.4226315789473684,0.47421052631578947,0.5257894736842105,0.5773684210526315,0.6289473684210526,0.6805263157894736,0.7321052631578947,0.7836842105263158,0.8352631578947368,0.8868421052631579,0.9384210526315789],"y":[-0.0772377082793561,-0.055169791628111496,-0.033101874976866896,-0.011033958325622303,0.01103395832562229,0.033101874976866896,0.055169791628111475,0.07723770827935608],"z":[[0.9723426352879152,0.9894411571798799,0.9956150443543003,0.9986261425164368,0.99999570571334,0.9999999698922547,0.9999999855825689,0.9999999884973524,0.9999999897140848,0.9999999904199247,0.9999999909089746,0.9999999912904901,0.9999999916125921,0.9999999918951722,0.9999999921424286,0.9999999923511994,0.9999999925181421,0.9999999926438929],[0.9722441187746829,0.989349449040526,0.9955336131212216,0.998555761407309,0.9999920925897818,0.999999967584893,0.9999999853313202,0.9999999884180759,0.9999999896747893,0.9999999903961151,0.9999999908931325,0.9999999912795554,0.9999999916050923,0.9999999918902799,0.9999999921395566,0.9999999923498305,0.999999992517812,0.9999999926442394],[0.9721491626605376,0.9892606104369966,0.9954541799418647,0.9984867370747096,0.999985566157137,0.9999999648938763,0.9999999850609191,0.9999999883357729,0.9999999896345995,0.9999999903718856,0.9999999908770106,0.9999999912683877,0.9999999915973755,0.9999999918851773,0.9999999921364809,0.999999992348268,0.9999999925173012,0.9999999926444191],[0.9720577046203217,0.9891746116377557,0.9953767430902247,0.9984190573399024,0.9999745069434869,0.9999999617375156,0.9999999847692685,0.9999999882502564,0.9999999895934949,0.9999999903472399,0.9999999908606167,0.9999999912569956,0.9999999915894499,0.999999991879872,0.9999999921332084,0.9999999923465176,0.9999999925166145,0.9999999926444357],[0.9719696812382808,0.9890914200240303,0.9953012979539552,0.9983527163252066,0.9999572203599034,0.9999999580118318,0.9999999844540006,0.9999999881613229,0.9999999895514535,0.9999999903221817,0.9999999908439591,0.9999999912453875,0.9999999915813236,0.9999999918743715,0.9999999921297458,0.9999999923445853,0.9999999925157568,0.9999999926442936],[0.9718850282573025,0.9890110003590249,0.9952278371978454,0.9982877119073956,0.9999324754922798,0.999999953582411,0.9999999841124393,0.9999999880687498,0.9999999895084514,0.9999999902967146,0.9999999908270459,0.9999999912335724,0.9999999915730053,0.9999999918686837,0.9999999921260999,0.9999999923424766,0.9999999925147328,0.9999999926439969],[0.9718036808108449,0.9889333150503736,0.9951563509283018,0.998224043892659,0.9998999747158129,0.9999999482723682,0.9999999837415574,0.999999987972295,0.9999999894644624,0.9999999902708423,0.9999999908098857,0.9999999912215592,0.9999999915645035,0.9999999918628163,0.9999999921222775,0.9999999923401975,0.9999999925135475,0.9999999926435493],[0.9717255736378845,0.9888583244044155,0.9950868268577628,0.9981617127496789,0.9998604613846229,0.9999999418442097,0.9999999833379256,0.999999987871694,0.9999999894194586,0.9999999902445679,0.9999999907924866,0.999999991209357,0.9999999915558268,0.9999999918567772,0.9999999921182857,0.9999999923377538,0.9999999925122057,0.9999999926429548]],"type":"surface","scene":"scene6"}],"layout":{"template":{"data":{"histogram2dcontour":[{"type":"histogram2dcontour","colorbar":{"outlinewidth":0,"ticks":""},"colorscale":[[0.0,"#0d0887"],[0.1111111111111111,"#46039f"],[0.2222222222222222,"#7201a8"],[0.3333333333333333,"#9c179e"],[0.4444444444444444,"#bd3786"],[0.5555555555555556,"#d8576b"],[0.6666666666666666,"#ed7953"],[0.7777777777777778,"#fb9f3a"],[0.8888888888888888,"#fdca26"],[1.0,"#f0f921"]]}],"choropleth":[{"type":"choropleth","colorbar":{"outlinewidth":0,"ticks":""}}],"histogram2d":[{"type":"histogram2d","colorbar":{"outlinewidth":0,"ticks":""},"colorscale":[[0.0,"#0d0887"],[0.1111111111111111,"#46039f"],[0.2222222222222222,"#7201a8"],[0.3333333333333333,"#9c179e"],[0.4444444444444444,"#bd3786"],[0.5555555555555556,"#d8576b"],[0.6666666666666666,"#ed7953"],[0.7777777777777778,"#fb9f3a"],[0.8888888888888888,"#fdca26"],[1.0,"#f0f921"]]}],"heatmap":[{"type":"heatmap","colorbar":{"outlinewidth":0,"ticks":""},"colorscale":[[0.0,"#0d0887"],[0.1111111111111111,"#46039f"],[0.2222222222222222,"#7201a8"],[0.3333333333333333,"#9c179e"],[0.4444444444444444,"#bd3786"],[0.5555555555555556,"#d8576b"],[0.6666666666666666,"#ed7953"],[0.7777777777777778,"#fb9f3a"],[0.8888888888888888,"#fdca26"],[1.0,"#f0f921"]]}],"heatmapgl":[{"type":"heatmapgl","colorbar":{"outlinewidth":0,"ticks":""},"colorscale":[[0.0,"#0d0887"],[0.1111111111111111,"#46039f"],[0.2222222222222222,"#7201a8"],[0.3333333333333333,"#9c179e"],[0.4444444444444444,"#bd3786"],[0.5555555555555556,"#d8576b"],[0.6666666666666666,"#ed7953"],[0.7777777777777778,"#fb9f3a"],[0.8888888888888888,"#fdca26"],[1.0,"#f0f921"]]}],"contourcarpet":[{"type":"contourcarpet","colorbar":{"outlinewidth":0,"ticks":""}}],"contour":[{"type":"contour","colorbar":{"outlinewidth":0,"ticks":""},"colorscale":[[0.0,"#0d0887"],[0.1111111111111111,"#46039f"],[0.2222222222222222,"#7201a8"],[0.3333333333333333,"#9c179e"],[0.4444444444444444,"#bd3786"],[0.5555555555555556,"#d8576b"],[0.6666666666666666,"#ed7953"],[0.7777777777777778,"#fb9f3a"],[0.8888888888888888,"#fdca26"],[1.0,"#f0f921"]]}],"surface":[{"type":"surface","colorbar":{"outlinewidth":0,"ticks":""},"colorscale":[[0.0,"#0d0887"],[0.1111111111111111,"#46039f"],[0.2222222222222222,"#7201a8"],[0.3333333333333333,"#9c179e"],[0.4444444444444444,"#bd3786"],[0.5555555555555556,"#d8576b"],[0.6666666666666666,"#ed7953"],[0.7777777777777778,"#fb9f3a"],[0.8888888888888888,"#fdca26"],[1.0,"#f0f921"]]}],"mesh3d":[{"type":"mesh3d","colorbar":{"outlinewidth":0,"ticks":""}}],"scatter":[{"fillpattern":{"fillmode":"overlay","size":10,"solidity":0.2},"type":"scatter"}],"parcoords":[{"type":"parcoords","line":{"colorbar":{"outlinewidth":0,"ticks":""}}}],"scatterpolargl":[{"type":"scatterpolargl","marker":{"colorbar":{"outlinewidth":0,"ticks":""}}}],"bar":[{"error_x":{"color":"#2a3f5f"},"error_y":{"color":"#2a3f5f"},"marker":{"line":{"color":"#E5ECF6","width":0.5},"pattern":{"fillmode":"overlay","size":10,"solidity":0.2}},"type":"bar"}],"scattergeo":[{"type":"scattergeo","marker":{"colorbar":{"outlinewidth":0,"ticks":""}}}],"scatterpolar":[{"type":"scatterpolar","marker":{"colorbar":{"outlinewidth":0,"ticks":""}}}],"histogram":[{"marker":{"pattern":{"fillmode":"overlay","size":10,"solidity":0.2}},"type":"histogram"}],"scattergl":[{"type":"scattergl","marker":{"colorbar":{"outlinewidth":0,"ticks":""}}}],"scatter3d":[{"type":"scatter3d","line":{"colorbar":{"outlinewidth":0,"ticks":""}},"marker":{"colorbar":{"outlinewidth":0,"ticks":""}}}],"scattermapbox":[{"type":"scattermapbox","marker":{"colorbar":{"outlinewidth":0,"ticks":""}}}],"scatterternary":[{"type":"scatterternary","marker":{"colorbar":{"outlinewidth":0,"ticks":""}}}],"scattercarpet":[{"type":"scattercarpet","marker":{"colorbar":{"outlinewidth":0,"ticks":""}}}],"carpet":[{"aaxis":{"endlinecolor":"#2a3f5f","gridcolor":"white","linecolor":"white","minorgridcolor":"white","startlinecolor":"#2a3f5f"},"baxis":{"endlinecolor":"#2a3f5f","gridcolor":"white","linecolor":"white","minorgridcolor":"white","startlinecolor":"#2a3f5f"},"type":"carpet"}],"table":[{"cells":{"fill":{"color":"#EBF0F8"},"line":{"color":"white"}},"header":{"fill":{"color":"#C8D4E3"},"line":{"color":"white"}},"type":"table"}],"barpolar":[{"marker":{"line":{"color":"#E5ECF6","width":0.5},"pattern":{"fillmode":"overlay","size":10,"solidity":0.2}},"type":"barpolar"}],"pie":[{"automargin":true,"type":"pie"}]},"layout":{"autotypenumbers":"strict","colorway":["#636efa","#EF553B","#00cc96","#ab63fa","#FFA15A","#19d3f3","#FF6692","#B6E880","#FF97FF","#FECB52"],"font":{"color":"#2a3f5f"},"hovermode":"closest","hoverlabel":{"align":"left"},"paper_bgcolor":"white","plot_bgcolor":"#E5ECF6","polar":{"bgcolor":"#E5ECF6","angularaxis":{"gridcolor":"white","linecolor":"white","ticks":""},"radialaxis":{"gridcolor":"white","linecolor":"white","ticks":""}},"ternary":{"bgcolor":"#E5ECF6","aaxis":{"gridcolor":"white","linecolor":"white","ticks":""},"baxis":{"gridcolor":"white","linecolor":"white","ticks":""},"caxis":{"gridcolor":"white","linecolor":"white","ticks":""}},"coloraxis":{"colorbar":{"outlinewidth":0,"ticks":""}},"colorscale":{"sequential":[[0.0,"#0d0887"],[0.1111111111111111,"#46039f"],[0.2222222222222222,"#7201a8"],[0.3333333333333333,"#9c179e"],[0.4444444444444444,"#bd3786"],[0.5555555555555556,"#d8576b"],[0.6666666666666666,"#ed7953"],[0.7777777777777778,"#fb9f3a"],[0.8888888888888888,"#fdca26"],[1.0,"#f0f921"]],"sequentialminus":[[0.0,"#0d0887"],[0.1111111111111111,"#46039f"],[0.2222222222222222,"#7201a8"],[0.3333333333333333,"#9c179e"],[0.4444444444444444,"#bd3786"],[0.5555555555555556,"#d8576b"],[0.6666666666666666,"#ed7953"],[0.7777777777777778,"#fb9f3a"],[0.8888888888888888,"#fdca26"],[1.0,"#f0f921"]],"diverging":[[0,"#8e0152"],[0.1,"#c51b7d"],[0.2,"#de77ae"],[0.3,"#f1b6da"],[0.4,"#fde0ef"],[0.5,"#f7f7f7"],[0.6,"#e6f5d0"],[0.7,"#b8e186"],[0.8,"#7fbc41"],[0.9,"#4d9221"],[1,"#276419"]]},"xaxis":{"gridcolor":"white","linecolor":"white","ticks":"","title":{"standoff":15},"zerolinecolor":"white","automargin":true,"zerolinewidth":2},"yaxis":{"gridcolor":"white","linecolor":"white","ticks":"","title":{"standoff":15},"zerolinecolor":"white","automargin":true,"zerolinewidth":2},"scene":{"xaxis":{"backgroundcolor":"#E5ECF6","gridcolor":"white","linecolor":"white","showbackground":true,"ticks":"","zerolinecolor":"white","gridwidth":2},"yaxis":{"backgroundcolor":"#E5ECF6","gridcolor":"white","linecolor":"white","showbackground":true,"ticks":"","zerolinecolor":"white","gridwidth":2},"zaxis":{"backgroundcolor":"#E5ECF6","gridcolor":"white","linecolor":"white","showbackground":true,"ticks":"","zerolinecolor":"white","gridwidth":2}},"shapedefaults":{"line":{"color":"#2a3f5f"}},"annotationdefaults":{"arrowcolor":"#2a3f5f","arrowhead":0,"arrowwidth":1},"geo":{"bgcolor":"white","landcolor":"#E5ECF6","subunitcolor":"white","showland":true,"showlakes":true,"lakecolor":"white"},"title":{"x":0.05},"mapbox":{"style":"light"}}},"scene":{"domain":{"x":[0.0,0.125],"y":[0.0,1.0]},"xaxis":{"title":{"text":"V"}},"yaxis":{"title":{"text":"Vtilde"}},"zaxis":{"title":{"text":"kappa"}}},"scene2":{"domain":{"x":[0.175,0.3],"y":[0.0,1.0]},"xaxis":{"title":{"text":"Z"}},"yaxis":{"title":{"text":"Vtilde"}},"zaxis":{"title":{"text":"kappa"}}},"scene3":{"domain":{"x":[0.35,0.475],"y":[0.0,1.0]},"xaxis":{"title":{"text":"Z"}},"yaxis":{"title":{"text":"V"}},"zaxis":{"title":{"text":"kappa"}}},"scene4":{"domain":{"x":[0.525,0.65],"y":[0.0,1.0]},"xaxis":{"title":{"text":"W"}},"yaxis":{"title":{"text":"Vtilde"}},"zaxis":{"title":{"text":"kappa"}}},"scene5":{"domain":{"x":[0.7,0.825],"y":[0.0,1.0]},"xaxis":{"title":{"text":"W"}},"yaxis":{"title":{"text":"V"}},"zaxis":{"title":{"text":"kappa"}}},"scene6":{"domain":{"x":[0.875,1.0],"y":[0.0,1.0]},"xaxis":{"title":{"text":"W"}},"yaxis":{"title":{"text":"Z"}},"zaxis":{"title":{"text":"kappa"}}},"annotations":[{"font":{"size":16},"showarrow":false,"text":"W fixed at 0.4742, Z fixed at -0.0110<br> MFR Suite Not Solved.","x":0.0625,"xanchor":"center","xref":"paper","y":1.0,"yanchor":"bottom","yref":"paper"},{"font":{"size":16},"showarrow":false,"text":"W fixed at 0.4742, V fixed at 0.9696<br> MFR Suite Not Solved.","x":0.2375,"xanchor":"center","xref":"paper","y":1.0,"yanchor":"bottom","yref":"paper"},{"font":{"size":16},"showarrow":false,"text":"W fixed at 0.4742, Vtilde fixed at 0.5782<br> MFR Suite Not Solved.","x":0.4125,"xanchor":"center","xref":"paper","y":1.0,"yanchor":"bottom","yref":"paper"},{"font":{"size":16},"showarrow":false,"text":"Z fixed at -0.0110, V fixed at 0.9696<br> MFR Suite Not Solved.","x":0.5875,"xanchor":"center","xref":"paper","y":1.0,"yanchor":"bottom","yref":"paper"},{"font":{"size":16},"showarrow":false,"text":"Z fixed at -0.0110, Vtilde fixed at 0.5782<br> MFR Suite Not Solved.","x":0.7625,"xanchor":"center","xref":"paper","y":1.0,"yanchor":"bottom","yref":"paper"},{"font":{"size":16},"showarrow":false,"text":"V fixed at 0.9696, Vtilde fixed at 0.5782<br> MFR Suite Not Solved.","x":0.9375,"xanchor":"center","xref":"paper","y":1.0,"yanchor":"bottom","yref":"paper"}],"title":{"text":"MRF vs NN - Kappa Policy Function Interior<br><span style=\"font-size: 12px;\"> chiUnderline = 0.2, a_e = 0.15, a_h = 0.1, gamma_e = 0.5, gamma_h = 8.0, psi_e = 0.5, psi_h = 0.5</span>","x":0.5,"y":0.97,"yanchor":"top"},"height":700,"width":3500,"margin":{"t":150}}}