{"data":[{"colorscale":[[0.0,"#0d0887"],[0.1111111111111111,"#46039f"],[0.2222222222222222,"#7201a8"],[0.3333333333333333,"#9c179e"],[0.4444444444444444,"#bd3786"],[0.5555555555555556,"#d8576b"],[0.6666666666666666,"#ed7953"],[0.7777777777777778,"#fb9f3a"],[0.8888888888888888,"#fdca26"],[1.0,"#f0f921"]],"name":"NN","showlegend":true,"showscale":false,"x":[0.24240772690723,0.48480545381446,0.72720318072169,0.96960090762892,1.21199863453615,1.45439636144338,1.69679408835061,1.93919181525784],"y":[0.144560514746047,0.289111029492094,0.433661544238141,0.5782120589841879,0.7227625737302349,0.867313088476282,1.011863603222329,1.156414117968376],"z":[[0.9999999977331013,0.9999999977269572,0.9999999977209273,0.9999999977150255,0.9999999977092642,0.9999999977036547,0.999999997698207,0.9999999976929297],[0.9999999981597868,0.9999999981529272,0.9999999981459704,0.9999999981389383,0.9999999981318517,0.9999999981247316,0.9999999981175979,0.9999999981104701],[0.9999999980729075,0.9999999980797742,0.9999999980859455,0.9999999980914503,0.999999998096317,0.9999999981005736,0.9999999981042478,0.9999999981073668],[0.9999999965306167,0.9999999967579619,0.9999999969412161,0.9999999970908711,0.9999999972145482,0.9999999973178725,0.9999999974050534,0.9999999974792809],[0.9999835092564424,0.9999926164986828,0.9999968882056514,0.9999987036179945,0.9999994398544222,0.9999997405421216,0.9999998693655856,0.999999928503604],[0.9992656476610473,0.9993271759578343,0.9993880032456045,0.9994480606305591,0.9995072434698509,0.9995653924859484,0.9996222679348669,0.999677517018209],[0.9986787396322184,0.9987321172730623,0.9987844998817708,0.9988358580310559,0.9988861632434012,0.9989353883915383,0.9989835080506235,0.9990304988019503],[0.9982417325742261,0.9982881285485261,0.9983334394504504,0.9983776372209344,0.9984206950994154,0.9984625880244052,0.9985032929888572,0.9985427893511514]],"type":"surface","scene":"scene"},{"colorscale":[[0.0,"#0d0887"],[0.1111111111111111,"#46039f"],[0.2222222222222222,"#7201a8"],[0.3333333333333333,"#9c179e"],[0.4444444444444444,"#bd3786"],[0.5555555555555556,"#d8576b"],[0.6666666666666666,"#ed7953"],[0.7777777777777778,"#fb9f3a"],[0.8888888888888888,"#fdca26"],[1.0,"#f0f921"]],"name":"NN","showlegend":true,"showscale":false,"x":[-0.0772377082793561,-0.055169791628111496,-0.033101874976866896,-0.011033958325622303,0.01103395832562229,0.033101874976866896,0.055169791628111475,0.07723770827935608],"y":[0.144560514746047,0.289111029492094,0.433661544238141,0.5782120589841879,0.7227625737302349,0.867313088476282,1.011863603222329,1.156414117968376],"z":[[0.999999997713889,0.9999999977142682,0.999999997714647,0.9999999977150255,0.9999999977154035,0.9999999977157812,0.9999999977161586,0.9999999977165356],[0.9999999981379034,0.9999999981382487,0.9999999981385936,0.9999999981389383,0.9999999981392824,0.9999999981396264,0.9999999981399699,0.999999998140313],[0.9999999980906646,0.9999999980909268,0.9999999980911887,0.9999999980914503,0.9999999980917119,0.9999999980919733,0.9999999980922344,0.9999999980924954],[0.9999999970942937,0.9999999970931537,0.9999999970920128,0.9999999970908711,0.9999999970897284,0.999999997088585,0.9999999970874407,0.9999999970862955],[0.9999987244160445,0.9999987175140933,0.9999987105814353,0.9999987036179945,0.9999986966236952,0.999998689598462,0.9999986825422198,0.9999986754548935],[0.9994485531631706,0.9994483886161507,0.9994482244386055,0.9994480606305591,0.9994478971920352,0.9994477341230567,0.9994475714236455,0.9994474090938232],[0.9988358243402811,0.9988358350014095,0.9988358462317026,0.9988358580310559,0.9988358703993625,0.9988358833365136,0.9988358968423985,0.9988359109169043],[0.9983771632078764,0.9983773204664856,0.9983774784708852,0.9983776372209344,0.99837779671649,0.9983779569574063,0.9983781179435349,0.998378279674725]],"type":"surface","scene":"scene2"},{"colorscale":[[0.0,"#0d0887"],[0.1111111111111111,"#46039f"],[0.2222222222222222,"#7201a8"],[0.3333333333333333,"#9c179e"],[0.4444444444444444,"#bd3786"],[0.5555555555555556,"#d8576b"],[0.6666666666666666,"#ed7953"],[0.7777777777777778,"#fb9f3a"],[0.8888888888888888,"#fdca26"],[1.0,"#f0f921"]],"name":"NN","showlegend":true,"showscale":false,"x":[-0.0772377082793561,-0.055169791628111496,-0.033101874976866896,-0.011033958325622303,0.01103395832562229,0.033101874976866896,0.055169791628111475,0.07723770827935608],"y":[0.24240772690723,0.48480545381446,0.72720318072169,0.96960090762892,1.21199863453615,1.45439636144338,1.69679408835061,1.93919181525784],"z":[[0.9999999965371921,0.9999999965350022,0.9999999965328104,0.9999999965306167,0.9999999965284212,0.999999996526224,0.9999999965240247,0.9999999965218238],[0.9999999967632004,0.9999999967614557,0.9999999967597095,0.9999999967579619,0.9999999967562131,0.9999999967544628,0.9999999967527111,0.9999999967509581],[0.9999999969454334,0.9999999969440287,0.999999996942623,0.9999999969412161,0.9999999969398082,0.9999999969383992,0.9999999969369893,0.9999999969355782],[0.9999999970942937,0.9999999970931537,0.9999999970920128,0.9999999970908711,0.9999999970897284,0.999999997088585,0.9999999970874407,0.9999999970862955],[0.9999999972173417,0.9999999972164113,0.99999999721548,0.9999999972145482,0.9999999972136157,0.9999999972126823,0.9999999972117483,0.9999999972108136],[0.9999999973201598,0.9999999973193979,0.9999999973186355,0.9999999973178725,0.9999999973171088,0.9999999973163445,0.9999999973155796,0.9999999973148141],[0.9999999974069274,0.9999999974063033,0.9999999974056786,0.9999999974050534,0.9999999974044277,0.9999999974038015,0.9999999974031747,0.9999999974025474],[0.9999999974808124,0.9999999974803023,0.9999999974797918,0.9999999974792809,0.9999999974787694,0.9999999974782574,0.999999997477745,0.9999999974772321]],"type":"surface","scene":"scene3"},{"colorscale":[[0.0,"#0d0887"],[0.1111111111111111,"#46039f"],[0.2222222222222222,"#7201a8"],[0.3333333333333333,"#9c179e"],[0.4444444444444444,"#bd3786"],[0.5555555555555556,"#d8576b"],[0.6666666666666666,"#ed7953"],[0.7777777777777778,"#fb9f3a"],[0.8888888888888888,"#fdca26"],[1.0,"#f0f921"]],"name":"NN","showlegend":true,"showscale":false,"x":[0.06157894736842105,0.1131578947368421,0.16473684210526315,0.2163157894736842,0.26789473684210524,0.3194736842105263,0.37105263157894736,0.4226315789473684,0.47421052631578947,0.5257894736842105,0.5773684210526315,0.6289473684210526,0.6805263157894736,0.7321052631578947,0.7836842105263158,0.8352631578947368,0.8868421052631579,0.9384210526315789],"y":[0.144560514746047,0.289111029492094,0.433661544238141,0.5782120589841879,0.7227625737302349,0.867313088476282,1.011863603222329,1.156414117968376],"z":[[0.9032078421904893,0.9795381692616544,0.9999992474728582,0.9999999877308351,0.9999999957675617,0.9999999972100845,0.9999999976636879,0.9999999978255016,0.9999999978697963,0.999999997862313,0.9999999978325499,0.9999999977943299,0.9999999977541514,0.9999999977150255,0.9999999976782824,0.999999997644429,0.9999999976135641,0.9999999975855846],[0.8673613613401309,0.9426887591620893,0.9730234397918465,0.9887069151044244,0.9978040018258477,0.999999925445799,0.9999999943860457,0.9999999969043962,0.9999999976092997,0.9999999979129272,0.9999999980619985,0.9999999981306423,0.9999999981504104,0.9999999981389383,0.9999999981077793,0.9999999980650028,0.9999999980162873,0.9999999979655391],[0.8552579057085596,0.9302768413304603,0.9609662649608213,0.977149728055046,0.9868136351358319,0.9929908358482402,0.9970758236662973,0.9997813367495554,0.9999999674967242,0.99999999563729,0.9999999972475894,0.9999999977284881,0.9999999979580017,0.9999999980914503,0.9999999981766403,0.9999999982320098,0.9999999982652796,0.9999999982798438],[0.8492523005045103,0.9240794679021379,0.9549034775167514,0.9713454654254633,0.9813256308327191,0.987844796970966,0.9922954427409655,0.9954152654364193,0.99762250951375,0.9991813694100694,0.9999871752039926,0.9999999723378367,0.9999999952087506,0.9999999970908711,0.9999999976172709,0.9999999978546407,0.9999999979918238,0.9999999980839339],[0.8456411422928974,0.9203503334752912,0.9512680098996795,0.9678672320080547,0.9780374168127176,0.9847632223044629,0.9894241054022025,0.9927566596974081,0.9951867543674098,0.9969723561326537,0.998276711991376,0.9992169604126369,0.9998578044566366,0.9999987036179945,0.9999999670378791,0.999999992702403,0.9999999960798353,0.9999999970664493],[0.8432194920735632,0.9178462813741282,0.948834311146479,0.965542085054821,0.9758385000821678,0.982703142698294,0.9875083223170809,0.9909859460250016,0.9935610010056137,0.9954938051706136,0.9969520816639061,0.9980476066930948,0.9988580475643853,0.9994480606305591,0.999852586563882,0.9999916574239222,0.9999997085447179,0.9999999613345867],[0.8414968013777671,0.9160626271016995,0.9470979780504889,0.9638826161832565,0.9742673882733796,0.9812284415491797,0.9861352484711567,0.9897180104345261,0.9924006897243982,0.9944415934608682,0.9960072300107536,0.9972121564642359,0.9981366525027241,0.9988358580310559,0.9993528639719743,0.999724959292211,0.9999409852083264,0.9999950137212785],[0.8402088287195132,0.914737301825819,0.9458015123351886,0.9626416134411554,0.9730930111220225,0.980126190972889,0.9851076370815539,0.9887669602158093,0.9915293220770989,0.9936529419207233,0.9953014542772478,0.9965869375281462,0.9975922661272025,0.9983776372209344,0.9989825036375003,0.9994353613770937,0.9997600397133438,0.9999446194804382]],"type":"surface","scene":"scene4"},{"colorscale":[[0.0,"#0d0887"],[0.1111111111111111,"#46039f"],[0.2222222222222222,"#7201a8"],[0.3333333333333333,"#9c179e"],[0.4444444444444444,"#bd3786"],[0.5555555555555556,"#d8576b"],[0.6666666666666666,"#ed7953"],[0.7777777777777778,"#fb9f3a"],[0.8888888888888888,"#fdca26"],[1.0,"#f0f921"]],"name":"NN","showlegend":true,"showscale":false,"x":[0.06157894736842105,0.1131578947368421,0.16473684210526315,0.2163157894736842,0.26789473684210524,0.3194736842105263,0.37105263157894736,0.4226315789473684,0.47421052631578947,0.5257894736842105,0.5773684210526315,0.6289473684210526,0.6805263157894736,0.7321052631578947,0.7836842105263158,0.8352631578947368,0.8868421052631579,0.9384210526315789],"y":[0.24240772690723,0.48480545381446,0.72720318072169,0.96960090762892,1.21199863453615,1.45439636144338,1.69679408835061,1.93919181525784],"z":[[0.8492080109157782,0.9239252129993254,0.9547053066480661,0.9711244212940097,0.9810936490568163,0.9876077426681911,0.9920549698857991,0.9951707294496146,0.9973723940944459,0.9989197387343086,0.9999138794608968,0.9999998856304593,0.9999999924156916,0.9999999965306167,0.9999999973960967,0.9999999977349451,0.9999999979158193,0.9999999980319425],[0.849231093994786,0.9239809876272965,0.954773726773067,0.9711991401444966,0.9811710781663143,0.9876862994872833,0.9921344128735301,0.9952514505008427,0.9974549147835304,0.9990056952221755,0.9999498699862308,0.9999999331695428,0.9999999936640672,0.9999999967579619,0.9999999974813947,0.9999999977796743,0.9999999979437021,0.9999999980508452],[0.8492449963120927,0.9240320092068037,0.9548395171261831,0.9712726252233639,0.981248264151388,0.9877652230432978,0.9922145145663741,0.9953329349767479,0.997538273882312,0.9990929090696801,0.9999735051064615,0.9999999582865704,0.9999999945553874,0.9999999969412161,0.999999997554357,0.9999999978193271,0.9999999979689399,0.9999999980681318],[0.8492523005045103,0.9240794679021379,0.9549034775167514,0.9713454654254633,0.9813256308327191,0.987844796970966,0.9922954427409655,0.9954152654364193,0.99762250951375,0.9991813694100694,0.9999871752039926,0.9999999723378367,0.9999999952087506,0.9999999970908711,0.9999999976172709,0.9999999978546407,0.9999999979918238,0.9999999980839339],[0.8492551775427355,0.924124386439285,0.9549663082898493,0.9714181816079019,0.9814035539676458,0.9879252712430363,0.992377342139103,0.9954985091182521,0.9977076515223603,0.9992709675327385,0.9999941705910596,0.9999999806081065,0.9999999956990486,0.9999999972145482,0.9999999976719176,0.9999999978862123,0.9999999980125989,0.9999999980983668],[0.849255410077065,0.9241676297982212,0.9550286165749619,0.971491231194076,0.9814823645927031,0.9880068644526309,0.9924603359393018,0.9955827188065619,0.9977937225077812,0.9993614248446212,0.9999974145300735,0.9999999857014729,0.999999996074719,0.9999999973178725,0.9999999977196954,0.99999999791453,0.9999999980314722,0.9999999981115314],[0.8492544175169775,0.9242099157049237,0.9550909228652161,0.971565012841902,0.9815623523012216,0.9880897659872285,0.9925445271187697,0.9956679335939165,0.9978807389514867,0.9994521854210876,0.9999988334194171,0.9999999889693277,0.9999999963679295,0.9999999974050534,0.9999999977617099,0.9999999979399944,0.9999999980486212,0.9999999981235179],[0.8492532821749971,0.9242518255776255,0.9551536677255481,0.9716398710625287,0.9816437683974082,0.9881741380683273,0.9926299996966806,0.9957541795387145,0.9979687124673347,0.9995422718991235,0.9999994463273341,0.9999999911454106,0.9999999966005744,0.9999999974792809,0.9999999977988427,0.9999999979629378,0.9999999980641983,0.9999999981344064]],"type":"surface","scene":"scene5"},{"colorscale":[[0.0,"#0d0887"],[0.1111111111111111,"#46039f"],[0.2222222222222222,"#7201a8"],[0.3333333333333333,"#9c179e"],[0.4444444444444444,"#bd3786"],[0.5555555555555556,"#d8576b"],[0.6666666666666666,"#ed7953"],[0.7777777777777778,"#fb9f3a"],[0.8888888888888888,"#fdca26"],[1.0,"#f0f921"]],"name":"NN","showlegend":true,"showscale":false,"x":[0.06157894736842105,0.1131578947368421,0.16473684210526315,0.2163157894736842,0.26789473684210524,0.3194736842105263,0.37105263157894736,0.4226315789473684,0.47421052631578947,0.5257894736842105,0.5773684210526315,0.6289473684210526,0.6805263157894736,0.7321052631578947,0.7836842105263158,0.8352631578947368,0.8868421052631579,0.9384210526315789],"y":[-0.0772377082793561,-0.055169791628111496,-0.033101874976866896,-0.011033958325622303,0.01103395832562229,0.033101874976866896,0.055169791628111475,0.07723770827935608],"z":[[0.8492458203399803,0.9240794917375762,0.9549030610837456,0.9713457001975724,0.9813267038539851,0.9878463069529195,0.9922971097794938,0.9954169798696758,0.997624163673568,0.9991829905648787,0.9999873742961528,0.9999999725680934,0.9999999952221024,0.9999999970942937,0.9999999976187066,0.9999999978553377,0.9999999979921372,0.9999999980840067],[0.8492480523885015,0.9240795044181928,0.9549032018746134,0.9713456167453468,0.9813263390829982,0.987845796958105,0.9922965487653833,0.9954164045890664,0.9976236098550799,0.999182448624362,0.9999873081177931,0.9999999724915263,0.9999999952176565,0.9999999970931537,0.9999999976182284,0.9999999978551056,0.999999997992033,0.9999999980839827],[0.84925021251144,0.9240794965061521,0.954903340704488,0.9713455384993753,0.9813259814161975,0.9878452936348265,0.9922959930878991,0.9954158331119454,0.9976230584682784,0.9991819082390981,0.999987241753497,0.999999972414774,0.9999999952132059,0.9999999970920128,0.9999999976177499,0.9999999978548733,0.9999999979919285,0.9999999980839585],[0.8492523005045103,0.9240794679021379,0.9549034775167514,0.9713454654254633,0.9813256308327191,0.987844796970966,0.9922954427409655,0.9954152654364193,0.99762250951375,0.9991813694100694,0.9999871752039926,0.9999999723378367,0.9999999952087506,0.9999999970908711,0.9999999976172709,0.9999999978546407,0.9999999979918238,0.9999999980839339],[0.849254316162754,0.9240794185065364,0.9549036122546326,0.9713453974893296,0.9813252873116445,0.9878443069543698,0.9922948977184841,0.9954147015605821,0.9976219629920756,0.9991808321382594,0.9999871084700179,0.9999999722607144,0.9999999952042906,0.9999999970897284,0.9999999976167915,0.9999999978544077,0.9999999979917189,0.9999999980839093],[0.8492562592805367,0.9240793482194358,0.9549037448612068,0.9713453346566062,0.9813249508320002,0.9878438235728481,0.992294358014334,0.9954141414825148,0.9976214189038309,0.9991802964246513,0.9999870415523201,0.999999972183407,0.9999999951998259,0.999999997088585,0.9999999976163115,0.9999999978541745,0.9999999979916137,0.9999999980838844],[0.8492581296515452,0.9240792569406242,0.9549038752793952,0.9713452768928387,0.9813246213727583,0.9878433468141752,0.9922938236223712,0.9954135852002853,0.9976208772495859,0.9991797622702298,0.9999869744516562,0.9999999721059146,0.9999999951953565,0.9999999970874407,0.9999999976158312,0.999999997853941,0.9999999979915083,0.9999999980838593],[0.8492599270687873,0.9240791445695901,0.9549040034519648,0.9713452241634845,0.9813242989128359,0.9878428766660895,0.9922932945364292,0.9954130327119486,0.9976203380299051,0.9991792296759793,0.9999869071687923,0.9999999720282374,0.9999999951908827,0.9999999970862955,0.9999999976153505,0.9999999978537072,0.9999999979914026,0.9999999980838341]],"type":"surface","scene":"scene6"}],"layout":{"template":{"data":{"histogram2dcontour":[{"type":"histogram2dcontour","colorbar":{"outlinewidth":0,"ticks":""},"colorscale":[[0.0,"#0d0887"],[0.1111111111111111,"#46039f"],[0.2222222222222222,"#7201a8"],[0.3333333333333333,"#9c179e"],[0.4444444444444444,"#bd3786"],[0.5555555555555556,"#d8576b"],[0.6666666666666666,"#ed7953"],[0.7777777777777778,"#fb9f3a"],[0.8888888888888888,"#fdca26"],[1.0,"#f0f921"]]}],"choropleth":[{"type":"choropleth","colorbar":{"outlinewidth":0,"ticks":""}}],"histogram2d":[{"type":"histogram2d","colorbar":{"outlinewidth":0,"ticks":""},"colorscale":[[0.0,"#0d0887"],[0.1111111111111111,"#46039f"],[0.2222222222222222,"#7201a8"],[0.3333333333333333,"#9c179e"],[0.4444444444444444,"#bd3786"],[0.5555555555555556,"#d8576b"],[0.6666666666666666,"#ed7953"],[0.7777777777777778,"#fb9f3a"],[0.8888888888888888,"#fdca26"],[1.0,"#f0f921"]]}],"heatmap":[{"type":"heatmap","colorbar":{"outlinewidth":0,"ticks":""},"colorscale":[[0.0,"#0d0887"],[0.1111111111111111,"#46039f"],[0.2222222222222222,"#7201a8"],[0.3333333333333333,"#9c179e"],[0.4444444444444444,"#bd3786"],[0.5555555555555556,"#d8576b"],[0.6666666666666666,"#ed7953"],[0.7777777777777778,"#fb9f3a"],[0.8888888888888888,"#fdca26"],[1.0,"#f0f921"]]}],"heatmapgl":[{"type":"heatmapgl","colorbar":{"outlinewidth":0,"ticks":""},"colorscale":[[0.0,"#0d0887"],[0.1111111111111111,"#46039f"],[0.2222222222222222,"#7201a8"],[0.3333333333333333,"#9c179e"],[0.4444444444444444,"#bd3786"],[0.5555555555555556,"#d8576b"],[0.6666666666666666,"#ed7953"],[0.7777777777777778,"#fb9f3a"],[0.8888888888888888,"#fdca26"],[1.0,"#f0f921"]]}],"contourcarpet":[{"type":"contourcarpet","colorbar":{"outlinewidth":0,"ticks":""}}],"contour":[{"type":"contour","colorbar":{"outlinewidth":0,"ticks":""},"colorscale":[[0.0,"#0d0887"],[0.1111111111111111,"#46039f"],[0.2222222222222222,"#7201a8"],[0.3333333333333333,"#9c179e"],[0.4444444444444444,"#bd3786"],[0.5555555555555556,"#d8576b"],[0.6666666666666666,"#ed7953"],[0.7777777777777778,"#fb9f3a"],[0.8888888888888888,"#fdca26"],[1.0,"#f0f921"]]}],"surface":[{"type":"surface","colorbar":{"outlinewidth":0,"ticks":""},"colorscale":[[0.0,"#0d0887"],[0.1111111111111111,"#46039f"],[0.2222222222222222,"#7201a8"],[0.3333333333333333,"#9c179e"],[0.4444444444444444,"#bd3786"],[0.5555555555555556,"#d8576b"],[0.6666666666666666,"#ed7953"],[0.7777777777777778,"#fb9f3a"],[0.8888888888888888,"#fdca26"],[1.0,"#f0f921"]]}],"mesh3d":[{"type":"mesh3d","colorbar":{"outlinewidth":0,"ticks":""}}],"scatter":[{"fillpattern":{"fillmode":"overlay","size":10,"solidity":0.2},"type":"scatter"}],"parcoords":[{"type":"parcoords","line":{"colorbar":{"outlinewidth":0,"ticks":""}}}],"scatterpolargl":[{"type":"scatterpolargl","marker":{"colorbar":{"outlinewidth":0,"ticks":""}}}],"bar":[{"error_x":{"color":"#2a3f5f"},"error_y":{"color":"#2a3f5f"},"marker":{"line":{"color":"#E5ECF6","width":0.5},"pattern":{"fillmode":"overlay","size":10,"solidity":0.2}},"type":"bar"}],"scattergeo":[{"type":"scattergeo","marker":{"colorbar":{"outlinewidth":0,"ticks":""}}}],"scatterpolar":[{"type":"scatterpolar","marker":{"colorbar":{"outlinewidth":0,"ticks":""}}}],"histogram":[{"marker":{"pattern":{"fillmode":"overlay","size":10,"solidity":0.2}},"type":"histogram"}],"scattergl":[{"type":"scattergl","marker":{"colorbar":{"outlinewidth":0,"ticks":""}}}],"scatter3d":[{"type":"scatter3d","line":{"colorbar":{"outlinewidth":0,"ticks":""}},"marker":{"colorbar":{"outlinewidth":0,"ticks":""}}}],"scattermapbox":[{"type":"scattermapbox","marker":{"colorbar":{"outlinewidth":0,"ticks":""}}}],"scatterternary":[{"type":"scatterternary","marker":{"colorbar":{"outlinewidth":0,"ticks":""}}}],"scattercarpet":[{"type":"scattercarpet","marker":{"colorbar":{"outlinewidth":0,"ticks":""}}}],"carpet":[{"aaxis":{"endlinecolor":"#2a3f5f","gridcolor":"white","linecolor":"white","minorgridcolor":"white","startlinecolor":"#2a3f5f"},"baxis":{"endlinecolor":"#2a3f5f","gridcolor":"white","linecolor":"white","minorgridcolor":"white","startlinecolor":"#2a3f5f"},"type":"carpet"}],"table":[{"cells":{"fill":{"color":"#EBF0F8"},"line":{"color":"white"}},"header":{"fill":{"color":"#C8D4E3"},"line":{"color":"white"}},"type":"table"}],"barpolar":[{"marker":{"line":{"color":"#E5ECF6","width":0.5},"pattern":{"fillmode":"overlay","size":10,"solidity":0.2}},"type":"barpolar"}],"pie":[{"automargin":true,"type":"pie"}]},"layout":{"autotypenumbers":"strict","colorway":["#636efa","#EF553B","#00cc96","#ab63fa","#FFA15A","#19d3f3","#FF6692","#B6E880","#FF97FF","#FECB52"],"font":{"color":"#2a3f5f"},"hovermode":"closest","hoverlabel":{"align":"left"},"paper_bgcolor":"white","plot_bgcolor":"#E5ECF6","polar":{"bgcolor":"#E5ECF6","angularaxis":{"gridcolor":"white","linecolor":"white","ticks":""},"radialaxis":{"gridcolor":"white","linecolor":"white","ticks":""}},"ternary":{"bgcolor":"#E5ECF6","aaxis":{"gridcolor":"white","linecolor":"white","ticks":""},"baxis":{"gridcolor":"white","linecolor":"white","ticks":""},"caxis":{"gridcolor":"white","linecolor":"white","ticks":""}},"coloraxis":{"colorbar":{"outlinewidth":0,"ticks":""}},"colorscale":{"sequential":[[0.0,"#0d0887"],[0.1111111111111111,"#46039f"],[0.2222222222222222,"#7201a8"],[0.3333333333333333,"#9c179e"],[0.4444444444444444,"#bd3786"],[0.5555555555555556,"#d8576b"],[0.6666666666666666,"#ed7953"],[0.7777777777777778,"#fb9f3a"],[0.8888888888888888,"#fdca26"],[1.0,"#f0f921"]],"sequentialminus":[[0.0,"#0d0887"],[0.1111111111111111,"#46039f"],[0.2222222222222222,"#7201a8"],[0.3333333333333333,"#9c179e"],[0.4444444444444444,"#bd3786"],[0.5555555555555556,"#d8576b"],[0.6666666666666666,"#ed7953"],[0.7777777777777778,"#fb9f3a"],[0.8888888888888888,"#fdca26"],[1.0,"#f0f921"]],"diverging":[[0,"#8e0152"],[0.1,"#c51b7d"],[0.2,"#de77ae"],[0.3,"#f1b6da"],[0.4,"#fde0ef"],[0.5,"#f7f7f7"],[0.6,"#e6f5d0"],[0.7,"#b8e186"],[0.8,"#7fbc41"],[0.9,"#4d9221"],[1,"#276419"]]},"xaxis":{"gridcolor":"white","linecolor":"white","ticks":"","title":{"standoff":15},"zerolinecolor":"white","automargin":true,"zerolinewidth":2},"yaxis":{"gridcolor":"white","linecolor":"white","ticks":"","title":{"standoff":15},"zerolinecolor":"white","automargin":true,"zerolinewidth":2},"scene":{"xaxis":{"backgroundcolor":"#E5ECF6","gridcolor":"white","linecolor":"white","showbackground":true,"ticks":"","zerolinecolor":"white","gridwidth":2},"yaxis":{"backgroundcolor":"#E5ECF6","gridcolor":"white","linecolor":"white","showbackground":true,"ticks":"","zerolinecolor":"white","gridwidth":2},"zaxis":{"backgroundcolor":"#E5ECF6","gridcolor":"white","linecolor":"white","showbackground":true,"ticks":"","zerolinecolor":"white","gridwidth":2}},"shapedefaults":{"line":{"color":"#2a3f5f"}},"annotationdefaults":{"arrowcolor":"#2a3f5f","arrowhead":0,"arrowwidth":1},"geo":{"bgcolor":"white","landcolor":"#E5ECF6","subunitcolor":"white","showland":true,"showlakes":true,"lakecolor":"white"},"title":{"x":0.05},"mapbox":{"style":"light"}}},"scene":{"domain":{"x":[0.0,0.125],"y":[0.0,1.0]},"zaxis":{"title":{"text":"kappa"},"nticks":4,"range":[-0.0001,1.0239686737138933],"tickformat":".4f"},"xaxis":{"title":{"text":"V"}},"yaxis":{"title":{"text":"Vtilde"}}},"scene2":{"domain":{"x":[0.175,0.3],"y":[0.0,1.0]},"zaxis":{"title":{"text":"kappa"},"nticks":4,"range":[-0.0001,1.0239686737138933],"tickformat":".4f"},"xaxis":{"title":{"text":"Z"}},"yaxis":{"title":{"text":"Vtilde"}}},"scene3":{"domain":{"x":[0.35,0.475],"y":[0.0,1.0]},"zaxis":{"title":{"text":"kappa"},"nticks":4,"range":[-0.0001,1.0239686737138933],"tickformat":".4f"},"xaxis":{"title":{"text":"Z"}},"yaxis":{"title":{"text":"V"}}},"scene4":{"domain":{"x":[0.525,0.65],"y":[0.0,1.0]},"zaxis":{"title":{"text":"kappa"},"nticks":4,"range":[-0.0001,1.0239686737138933],"tickformat":".4f"},"xaxis":{"title":{"text":"W"}},"yaxis":{"title":{"text":"Vtilde"}}},"scene5":{"domain":{"x":[0.7,0.825],"y":[0.0,1.0]},"zaxis":{"title":{"text":"kappa"},"nticks":4,"range":[-0.0001,1.0239686737138933],"tickformat":".4f"},"xaxis":{"title":{"text":"W"}},"yaxis":{"title":{"text":"V"}}},"scene6":{"domain":{"x":[0.875,1.0],"y":[0.0,1.0]},"zaxis":{"title":{"text":"kappa"},"nticks":4,"range":[-0.0001,1.0239686737138933],"tickformat":".4f"},"xaxis":{"title":{"text":"W"}},"yaxis":{"title":{"text":"Z"}}},"annotations":[{"font":{"size":16},"showarrow":false,"text":"W fixed at 0.7321, Z fixed at -0.0110<br> MFR Suite Not Solved.","x":0.0625,"xanchor":"center","xref":"paper","y":1.0,"yanchor":"bottom","yref":"paper"},{"font":{"size":16},"showarrow":false,"text":"W fixed at 0.7321, V fixed at 0.9696<br> MFR Suite Not Solved.","x":0.2375,"xanchor":"center","xref":"paper","y":1.0,"yanchor":"bottom","yref":"paper"},{"font":{"size":16},"showarrow":false,"text":"W fixed at 0.7321, Vtilde fixed at 0.5782<br> MFR Suite Not Solved.","x":0.4125,"xanchor":"center","xref":"paper","y":1.0,"yanchor":"bottom","yref":"paper"},{"font":{"size":16},"showarrow":false,"text":"Z fixed at -0.0110, V fixed at 0.9696<br> MFR Suite Not Solved.","x":0.5875,"xanchor":"center","xref":"paper","y":1.0,"yanchor":"bottom","yref":"paper"},{"font":{"size":16},"showarrow":false,"text":"Z fixed at -0.0110, Vtilde fixed at 0.5782<br> MFR Suite Not Solved.","x":0.7625,"xanchor":"center","xref":"paper","y":1.0,"yanchor":"bottom","yref":"paper"},{"font":{"size":16},"showarrow":false,"text":"V fixed at 0.9696, Vtilde fixed at 0.5782<br> MFR Suite Not Solved.","x":0.9375,"xanchor":"center","xref":"paper","y":1.0,"yanchor":"bottom","yref":"paper"}],"title":{"text":"MRF vs NN - Kappa Policy Function Interior<br><span style=\"font-size: 12px;\"> chiUnderline = 0.2, a_e = 0.15, a_h = 0.1, gamma_e = 1.0, gamma_h = 3.0, psi_e = 1.0, psi_h = 1.0</span>","x":0.5,"y":0.97,"yanchor":"top"},"height":700,"width":3500,"margin":{"t":150}}}