{"data":[{"colorscale":[[0.0,"#0d0887"],[0.1111111111111111,"#46039f"],[0.2222222222222222,"#7201a8"],[0.3333333333333333,"#9c179e"],[0.4444444444444444,"#bd3786"],[0.5555555555555556,"#d8576b"],[0.6666666666666666,"#ed7953"],[0.7777777777777778,"#fb9f3a"],[0.8888888888888888,"#fdca26"],[1.0,"#f0f921"]],"name":"NN","showlegend":true,"showscale":false,"x":[1e-05,0.24240772690723,0.48480545381446,0.72720318072169,0.96960090762892,1.21199863453615,1.45439636144338,1.69679408835061,1.93919181525784,2.18158954216506],"y":[1e-05,0.144560514746047,0.289111029492094,0.433661544238141,0.5782120589841879,0.7227625737302349,0.867313088476282,1.011863603222329,1.156414117968376,1.300964632714423],"z":[[0.00012649110640850194,0.019693967681700963,0.02785118895299925,0.034110483566543434,0.03938732603504809,0.0440363238161284,0.048239342639454126,0.052104419595024744,0.05570194704300872,0.0590808197931436],[0.00012649110641192978,0.019693967682601815,0.027851188954272195,0.03411048356809934,0.03938732603683985,0.04403632381812513,0.04823934264163324,0.05210441959736861,0.05570194704550293,0.059080819795776],[0.00012649110640926525,0.01969396768221202,0.027851188953755456,0.034110483567507496,0.03938732603620229,0.044036323817461746,0.0482393426409586,0.052104419596693825,0.05570194704483661,0.05908081979512487],[0.00012649110639044317,0.01969396767934906,0.027851188949796293,0.03411048356276177,0.039387326030834675,0.04403632381157903,0.04823934263463707,0.05210441958999123,0.05570194703779841,0.059080819787787855],[0.0001264911061530381,0.01969396765027783,0.027851188916941473,0.034110483530130416,0.03938732599986017,0.044036323782746106,0.04823934260802294,0.05210441956549322,0.055701947015239874,0.0590808197669696],[0.00012647353389477322,0.019692397264549057,0.027850083231838102,0.03410988408991164,0.039387040330928914,0.04403619375704136,0.04823928259196976,0.05210439045470758,0.05570193196652019,0.059080811475582466],[0.00012642353602202727,0.019683444949931978,0.027836308805790067,0.034092271341605314,0.039366333045131305,0.04401293773081366,0.048213896612479434,0.05207725639184378,0.05567347261974499,0.059051555192385675],[0.00012640996176140165,0.019681329921686756,0.02783331487233726,0.034088595007055564,0.03936205970074678,0.04400809050645461,0.04820843772139916,0.052071070120348395,0.05566633571383856,0.05904309861754174],[0.00012639794785679364,0.019679458627266545,0.027830668572855405,0.03408535562360367,0.03935832294603405,0.044003919035530394,0.04820387746572416,0.05206615723816093,0.055661100099140895,0.0590375658600309],[0.00012638926395895913,0.01967811703672036,0.02782878627554971,0.03408306885195468,0.03935570402839003,0.04400101531867914,0.048200723350039824,0.05206277933652625,0.05565751987261255,0.059033801124228846]],"type":"surface","scene":"scene"},{"colorscale":[[0.0,"#0d0887"],[0.1111111111111111,"#46039f"],[0.2222222222222222,"#7201a8"],[0.3333333333333333,"#9c179e"],[0.4444444444444444,"#bd3786"],[0.5555555555555556,"#d8576b"],[0.6666666666666666,"#ed7953"],[0.7777777777777778,"#fb9f3a"],[0.8888888888888888,"#fdca26"],[1.0,"#f0f921"]],"name":"NN","showlegend":true,"showscale":false,"x":[-0.09930562493060069,-0.0772377082793561,-0.055169791628111496,-0.033101874976866896,-0.011033958325622303,0.01103395832562229,0.033101874976866896,0.055169791628111475,0.07723770827935608,0.09930562493060069],"y":[1e-05,0.144560514746047,0.289111029492094,0.433661544238141,0.5782120589841879,0.7227625737302349,0.867313088476282,1.011863603222329,1.156414117968376,1.300964632714423],"z":[[0.03938732603504858,0.039387326035048444,0.03938732603504831,0.039387326035048194,0.03938732603504809,0.03938732603504799,0.039387326035047895,0.03938732603504781,0.03938732603504772,0.03938732603504764],[0.039387326036839865,0.039387326036839865,0.039387326036839865,0.03938732603683986,0.03938732603683985,0.039387326036839844,0.03938732603683984,0.03938732603683983,0.039387326036839816,0.03938732603683981],[0.03938732603619848,0.03938732603619943,0.03938732603620038,0.039387326036201334,0.03938732603620229,0.03938732603620324,0.03938732603620419,0.03938732603620514,0.039387326036206094,0.039387326036207045],[0.03938732603083444,0.0393873260308345,0.03938732603083456,0.03938732603083462,0.039387326030834675,0.03938732603083474,0.0393873260308348,0.039387326030834856,0.03938732603083492,0.03938732603083498],[0.039387326000057836,0.03938732600000848,0.03938732599995908,0.03938732599990964,0.03938732599986017,0.03938732599981065,0.0393873259997611,0.03938732599971151,0.03938732599966188,0.03938732599961221],[0.03938704653270242,0.03938704499183425,0.03938704344458864,0.03938704189095651,0.039387040330928914,0.03938703876449704,0.03938703719165218,0.03938703561238573,0.03938703402668922,0.03938703243455431],[0.039366335753379444,0.039366335064654596,0.03936633438369881,0.03936633371052132,0.039366333045131305,0.03936633238753795,0.039366331737750386,0.039366331095777723,0.03936633046162904,0.03936632983531338],[0.03936206298631681,0.039362062149166564,0.03936206132251679,0.03936206050637452,0.03936205970074678,0.03936205890564057,0.039362058121062866,0.03936205734702065,0.03936205658352085,0.039362055830570404],[0.039358328812967455,0.039358327330912206,0.03935832585906472,0.03935832439743525,0.03935832294603405,0.039358321504871355,0.03935832007395741,0.03935831865330247,0.03935831724291676,0.03935831584281053],[0.039355714221311094,0.03935571165978051,0.03935570910711046,0.039355706563310465,0.03935570402839003,0.0393557015023587,0.03935569898522602,0.039355696477001566,0.03935569397769491,0.03935569148731565]],"type":"surface","scene":"scene2"},{"colorscale":[[0.0,"#0d0887"],[0.1111111111111111,"#46039f"],[0.2222222222222222,"#7201a8"],[0.3333333333333333,"#9c179e"],[0.4444444444444444,"#bd3786"],[0.5555555555555556,"#d8576b"],[0.6666666666666666,"#ed7953"],[0.7777777777777778,"#fb9f3a"],[0.8888888888888888,"#fdca26"],[1.0,"#f0f921"]],"name":"NN","showlegend":true,"showscale":false,"x":[-0.09930562493060069,-0.0772377082793561,-0.055169791628111496,-0.033101874976866896,-0.011033958325622303,0.01103395832562229,0.033101874976866896,0.055169791628111475,0.07723770827935608,0.09930562493060069],"y":[1e-05,0.24240772690723,0.48480545381446,0.72720318072169,0.96960090762892,1.21199863453615,1.45439636144338,1.69679408835061,1.93919181525784,2.18158954216506],"z":[[0.00012649110615500068,0.00012649110615451097,0.00012649110615402064,0.00012649110615352968,0.0001264911061530381,0.00012649110615254588,0.00012649110615205306,0.00012649110615155958,0.00012649110615106548,0.00012649110615057076],[0.01969396765050206,0.0196939676504461,0.01969396765039007,0.019693967650333984,0.01969396765027783,0.019693967650221616,0.01969396765016534,0.019693967650109,0.0196939676500526,0.019693967649996136],[0.02785118891717875,0.027851188917119518,0.02785118891706023,0.02785118891700088,0.027851188916941473,0.027851188916882007,0.027851188916822485,0.0278511889167629,0.02785118891670326,0.027851188916643562],[0.03411048353035171,0.03411048353029646,0.03411048353024116,0.034110483530185816,0.034110483530130416,0.034110483530074974,0.034110483530019484,0.034110483529963945,0.03411048352990836,0.03411048352985272],[0.039387326000057836,0.03938732600000848,0.03938732599995908,0.03938732599990964,0.03938732599986017,0.03938732599981065,0.0393873259997611,0.03938732599971151,0.03938732599966188,0.03938732599961221],[0.044036323782919516,0.04403632378287621,0.04403632378283287,0.0440363237827895,0.044036323782746106,0.044036323782702676,0.04403632378265922,0.04403632378261573,0.04403632378257221,0.04403632378252866],[0.04823934260817392,0.04823934260813621,0.04823934260809848,0.048239342608060724,0.04823934260802294,0.04823934260798514,0.04823934260794731,0.04823934260790946,0.048239342607871584,0.04823934260783369],[0.05210441956562434,0.052104419565591586,0.05210441956555882,0.05210441956552603,0.05210441956549322,0.05210441956546039,0.05210441956542755,0.05210441956539469,0.052104419565361805,0.0521044195653289],[0.05570194701535376,0.05570194701532531,0.05570194701529685,0.05570194701526837,0.055701947015239874,0.05570194701521137,0.05570194701518284,0.0557019470151543,0.05570194701512575,0.055701947015097175],[0.05908081976706867,0.05908081976704392,0.059080819767019156,0.059080819766994384,0.0590808197669696,0.0590808197669448,0.059080819766919986,0.059080819766895165,0.059080819766870324,0.05908081976684548]],"type":"surface","scene":"scene3"},{"colorscale":[[0.0,"#0d0887"],[0.1111111111111111,"#46039f"],[0.2222222222222222,"#7201a8"],[0.3333333333333333,"#9c179e"],[0.4444444444444444,"#bd3786"],[0.5555555555555556,"#d8576b"],[0.6666666666666666,"#ed7953"],[0.7777777777777778,"#fb9f3a"],[0.8888888888888888,"#fdca26"],[1.0,"#f0f921"]],"name":"NN","showlegend":true,"showscale":false,"x":[0.01,0.06157894736842105,0.1131578947368421,0.16473684210526315,0.2163157894736842,0.26789473684210524,0.3194736842105263,0.37105263157894736,0.4226315789473684,0.47421052631578947,0.5257894736842105,0.5773684210526315,0.6289473684210526,0.6805263157894736,0.7321052631578947,0.7836842105263158,0.8352631578947368,0.8868421052631579,0.9384210526315789,0.99],"y":[1e-05,0.144560514746047,0.289111029492094,0.433661544238141,0.5782120589841879,0.7227625737302349,0.867313088476282,1.011863603222329,1.156414117968376,1.300964632714423],"z":[[0.04339490672499711,0.03938733148811929,0.03938732626913519,0.03938732607323627,0.039387326046458636,0.03938732603917768,0.039387326036554135,0.0393873260355402,0.03938732603514883,0.03938732603500373,0.039387326034958946,0.03938732603495816,0.03938732603497885,0.039387326035010786,0.03938732603504809,0.03938732603508648,0.03938732603512312,0.03938732603515813,0.03938732603519263,0.03938732603523208],[0.05175272960950768,0.040691382816773564,0.03966942125072569,0.03938734747633628,0.0393873260081635,0.039387326020943796,0.03938732602832558,0.03938732603170718,0.039387326033706316,0.0393873260349905,0.039387326035801765,0.03938732603629816,0.039387326036591966,0.03938732603675709,0.03938732603683985,0.03938732603686912,0.0393873260368633,0.039387326036834557,0.03938732603667805,0.03938732603586552],[0.05070322446295735,0.04057571900629774,0.039650655207919376,0.039436770221398555,0.03937023720370415,0.039347381682266265,0.039387321642646765,0.03938732596135412,0.0393873260154423,0.03938732602585678,0.03938732602990307,0.039387326032209104,0.03938732603386646,0.039387326035169604,0.03938732603620229,0.03938732603699587,0.039387326037574596,0.03938732603796662,0.03938732603820374,0.03938732603723415],[0.05023754368861125,0.04054104181624503,0.0396431913710344,0.0394338515786549,0.0393671768475508,0.03934496102552043,0.03933986788113492,0.03934235856765957,0.03936122537841528,0.03938732293072061,0.039387325947255976,0.03938732601307504,0.039387326024703295,0.03938732602881722,0.039387326030834675,0.03938732603208527,0.039387326033055566,0.03938732603396245,0.03938732603489638,0.039387326035730884],[0.04998094520222284,0.04052371301244768,0.03963914388385763,0.03943226725699586,0.039365530816339436,0.03934239755026533,0.03933606052608544,0.039336962444214994,0.03934124307677896,0.03934733707847815,0.039353613185855334,0.03938425133880888,0.03938732300430183,0.03938732588388219,0.03938732599986017,0.03938732602015735,0.03938732602656111,0.03938732602929834,0.03938732603069067,0.03938732603196493],[0.04983128485570899,0.04051298723969018,0.03963679625427616,0.03943131100675117,0.039364518351100546,0.03934082113116144,0.03933375795635416,0.039333902276426344,0.03933730039741362,0.039342259999000484,0.039348079457852986,0.03935440046164934,0.03936041490002619,0.03937152794069992,0.039387040330928914,0.03938732254429201,0.0393873256967254,0.03938732594928897,0.039387326000145065,0.03938732601789057],[0.049729343795490745,0.040505645968765366,0.039635255869094936,0.039430674486281236,0.03936382950914813,0.03933975998312825,0.039332182188914294,0.03933178708843908,0.03933464762298788,0.039339040113441075,0.03934417546900286,0.03934967460675285,0.03935540239068301,0.03936114910638308,0.039366333045131305,0.03937414540123519,0.03938580545801919,0.03938728333603576,0.03938732272982678,0.03938732539758193],[0.04964728442686403,0.040500431451204535,0.039634134488972544,0.039430213220143756,0.039363333871447394,0.039339011169883684,0.0393310743576931,0.03933027179203711,0.03933269201990979,0.03933663960771845,0.039341367673601975,0.039346443130630876,0.039351595290037726,0.03935679261272323,0.03936205970074678,0.03936704937551909,0.03937211624980214,0.03938074199993741,0.03938655035201801,0.03938726927454897],[0.04957292080073086,0.04049678928395535,0.0396332705189965,0.039429857171713455,0.03936296023660818,0.03933844475086392,0.03933024911178885,0.039329162273564464,0.03933125856657779,0.039334830512742246,0.039339190088924766,0.03934398410291594,0.03934887941317542,0.03935363534481928,0.03935832294603405,0.03936315617223666,0.03936795543261925,0.039373154850182765,0.039381215627404056,0.03938643131026212],[0.04950026322463248,0.04049449824314436,0.03963260727874302,0.039429568866783476,0.03936266139159968,0.039337972715345615,0.039329557507501965,0.039328260989227475,0.03933015013679202,0.03933347039685627,0.03933752752687056,0.03934205251786023,0.03934679850695727,0.03935142066304824,0.03935570402839003,0.03935988348349273,0.039364385319724846,0.039369206829121414,0.039375980786758455,0.03938457738001278]],"type":"surface","scene":"scene4"},{"colorscale":[[0.0,"#0d0887"],[0.1111111111111111,"#46039f"],[0.2222222222222222,"#7201a8"],[0.3333333333333333,"#9c179e"],[0.4444444444444444,"#bd3786"],[0.5555555555555556,"#d8576b"],[0.6666666666666666,"#ed7953"],[0.7777777777777778,"#fb9f3a"],[0.8888888888888888,"#fdca26"],[1.0,"#f0f921"]],"name":"NN","showlegend":true,"showscale":false,"x":[0.01,0.06157894736842105,0.1131578947368421,0.16473684210526315,0.2163157894736842,0.26789473684210524,0.3194736842105263,0.37105263157894736,0.4226315789473684,0.47421052631578947,0.5257894736842105,0.5773684210526315,0.6289473684210526,0.6805263157894736,0.7321052631578947,0.7836842105263158,0.8352631578947368,0.8868421052631579,0.9384210526315789,0.99],"y":[1e-05,0.24240772690723,0.48480545381446,0.72720318072169,0.96960090762892,1.21199863453615,1.45439636144338,1.69679408835061,1.93919181525784,2.18158954216506],"z":[[0.00016056979621280305,0.00013013255447503848,0.00012729794584107656,0.0001266348843247923,0.00012642102460223931,0.0001263468324710157,0.00012632650167544805,0.00012632948504418865,0.0001263434159628975,0.00012636323719500417,0.00012638450190855923,0.0001264352122160633,0.00012649098433364478,0.00012649110460938453,0.0001264911061530381,0.0001264911063218741,0.00012649110636425045,0.00012649110637992313,0.00012649110638715208,0.000126491106391],[0.024997503218868736,0.020261196650885865,0.019819649804628445,0.019716372492226276,0.019683061586038705,0.019671508210262676,0.01966834182810371,0.01966880159565929,0.01967096243543368,0.01967403992384357,0.019677305836295466,0.019687255828469565,0.01969395848050926,0.0196939674891359,0.01969396765027783,0.019693967670496644,0.019693967675906168,0.019693967677986122,0.019693967678971518,0.019693967679506118],[0.035348288851109244,0.028653799268111967,0.028029027502738887,0.027882903252352736,0.027835771012773663,0.02781942736661158,0.027814948087103334,0.027815592808378878,0.027818638190641863,0.027822977571843988,0.027827527747025817,0.02784460945851971,0.027851182229139796,0.027851188759298276,0.027851188916941473,0.027851188939314764,0.027851188945663175,0.027851188948196225,0.027851188949426967,0.0278511889501067],[0.04328868190378333,0.03509404111183456,0.03432842253449491,0.03414936362461328,0.03409160526423613,0.0340715806405394,0.03406609332650549,0.03406687782248587,0.034070595855524057,0.03407589318598191,0.03408138559652498,0.034105547164178754,0.03411047904320689,0.034110483392684264,0.034110483530130416,0.034110483551914456,0.03411048355844318,0.03411048356114177,0.03411048356248438,0.034110483563443116],[0.04998094520222284,0.04052371301244768,0.03963914388385763,0.03943226725699586,0.039365530816339436,0.03934239755026533,0.03933606052608544,0.039336962444214994,0.03934124307677896,0.03934733707847815,0.039353613185855334,0.03938425133880888,0.03938732300430183,0.03938732588388219,0.03938732599986017,0.03938732602015735,0.03938732602656111,0.03938732602929834,0.03938732603069067,0.03938732603196493],[0.055875237362717246,0.04530759715991496,0.04431805720091524,0.04408662386363272,0.04401195832771128,0.04398608096689009,0.04397899622751835,0.04398000255249953,0.043984775300598945,0.04399155860758289,0.04399857875999782,0.044034665167326924,0.04403632175091485,0.04403632368571226,0.044036323782746106,0.044036323801317265,0.044036323807468004,0.04403632381018183,0.04403632381159102,0.04403632381315002],[0.06120238031414214,0.049632763766668024,0.0485481851565676,0.04829450536307076,0.04821265268073749,0.04818428943784497,0.048176530468714465,0.0481776333322561,0.048182848002499556,0.04819023934371021,0.048198105429423224,0.048238530461384224,0.04823934119776433,0.048239342526745076,0.04823934260802294,0.04823934262489705,0.04823934263074911,0.0482393426334093,0.048239342634817425,0.04823934263662748],[0.06609945161537606,0.05361033192328944,0.05243825137135909,0.05216407128793994,0.052075591157887964,0.052044937303769336,0.05203656099305169,0.05203775586982257,0.05204337427597725,0.05205130610385269,0.05206032978253601,0.052104039178227424,0.05210441856129348,0.052104419497034475,0.05210441956549322,0.05210441958080739,0.05210441958635551,0.0521044195889488,0.05210441959034631,0.05210441959237436],[0.07065573223356483,0.05731269578517919,0.05605909516394786,0.055765793781901135,0.055671127243271556,0.05563833724796569,0.05562938997485575,0.055630674756433254,0.05563666647190924,0.05564507813345138,0.05565588632631516,0.055701768213584434,0.05570194628131264,0.055701946957134874,0.055701947015239874,0.0557019470291676,0.05570194703442617,0.05570194703694858,0.05570194703833086,0.05570194704054628],[0.07493321260850534,0.06079013718066925,0.05945992178451066,0.05914862311482537,0.05904812881822099,0.05901332900121362,0.05900385012226072,0.05900522458458638,0.05901156450269259,0.059020397774358364,0.0590340571936231,0.05908073245492211,0.05908081921679643,0.05908081971722104,0.0590808197669696,0.05908081977968771,0.05908081978467988,0.059080819787132546,0.059080819788498,0.05908081979087313]],"type":"surface","scene":"scene5"},{"colorscale":[[0.0,"#0d0887"],[0.1111111111111111,"#46039f"],[0.2222222222222222,"#7201a8"],[0.3333333333333333,"#9c179e"],[0.4444444444444444,"#bd3786"],[0.5555555555555556,"#d8576b"],[0.6666666666666666,"#ed7953"],[0.7777777777777778,"#fb9f3a"],[0.8888888888888888,"#fdca26"],[1.0,"#f0f921"]],"name":"NN","showlegend":true,"showscale":false,"x":[0.01,0.06157894736842105,0.1131578947368421,0.16473684210526315,0.2163157894736842,0.26789473684210524,0.3194736842105263,0.37105263157894736,0.4226315789473684,0.47421052631578947,0.5257894736842105,0.5773684210526315,0.6289473684210526,0.6805263157894736,0.7321052631578947,0.7836842105263158,0.8352631578947368,0.8868421052631579,0.9384210526315789,0.99],"y":[-0.09930562493060069,-0.0772377082793561,-0.055169791628111496,-0.033101874976866896,-0.011033958325622303,0.01103395832562229,0.033101874976866896,0.055169791628111475,0.07723770827935608,0.09930562493060069],"z":[[0.049977712379164006,0.040523950262771516,0.039639142596165466,0.039432267423438305,0.03936552868931063,0.03934239282820418,0.039336057438012266,0.03933696100494108,0.0393412432141443,0.03934734044859817,0.03935360961116149,0.03938430708523591,0.03938732304908651,0.039387325885121734,0.039387326000057836,0.03938732602022419,0.03938732602659472,0.03938732602931964,0.03938732603070601,0.03938732603198153],[0.04997851259547745,0.04052388986472121,0.039639142694326134,0.03943226734704455,0.039365529229582946,0.03934239401073037,0.039336058194037855,0.03933696133330997,0.03934124313993271,0.03934733956701487,0.03935361048053432,0.03938429317940316,0.03938732303793973,0.039387325884812516,0.03938732600000848,0.039387326020207496,0.039387326026586324,0.039387326029314315,0.03938732603070218,0.0393873260319766],[0.049979318124567254,0.040523830189382194,0.03963914294147598,0.03943226729381083,0.03936552976420257,0.0393423951919577,0.03933605896077198,0.039336961682691074,0.039341243092340696,0.039347338711488836,0.03935361136611411,0.039384279252881876,0.03938732302676004,0.039387325884502854,0.03938732599995908,0.03938732602019079,0.03938732602657793,0.03938732602930899,0.03938732603069835,0.03938732603197225],[0.04998012898677519,0.04052377123815561,0.03963914333789338,0.0394322672637802,0.03936553029313346,0.039342396371823594,0.03933605973814458,0.0393369620530157,0.039341243071309186,0.0393473378819875,0.03935361226789103,0.039384265305930574,0.03938732301554741,0.03938732588419275,0.03938732599990964,0.03938732602017407,0.03938732602656952,0.03938732602930367,0.03938732603069451,0.03938732603196839],[0.04998094520222284,0.04052371301244768,0.03963914388385763,0.03943226725699586,0.039365530816339436,0.03934239755026533,0.03933606052608544,0.039336962444214994,0.03934124307677896,0.03934733707847815,0.039353613185855334,0.03938425133880888,0.03938732300430183,0.03938732588388219,0.03938732599986017,0.03938732602015735,0.03938732602656111,0.03938732602929834,0.03938732603069067,0.03938732603196493],[0.04998176679080935,0.040523655513669696,0.03963914457964896,0.03943226727350119,0.039365531333784266,0.03934239872722004,0.039336061324524184,0.039336962856219945,0.039341243108690666,0.03934733630092792,0.03935361411999739,0.03938423735177757,0.03938732299302329,0.0393873258835712,0.03938732599981065,0.03938732602014061,0.0393873260265527,0.03938732602929301,0.039387326030686835,0.03938732603196179],[0.049982593772209365,0.04052359874323805,0.039639145425548555,0.03943226731333968,0.03936553184543161,0.03934239990262474,0.03933606213339029,0.0393369632889614,0.03934124316698478,0.03934733554930378,0.03935361507030762,0.03938422334509844,0.03938732298171176,0.039387325883259765,0.0393873259997611,0.03938732602012387,0.03938732602654428,0.039387326029287684,0.039387326030683,0.039387326031958866],[0.04998342616587072,0.040523542702574245,0.03963914642183855,0.039432267376554996,0.03936553235124504,0.03934240107641628,0.0393360629526131,0.03933696374237002,0.03934124325160165,0.039347334823572576,0.0393536160367766,0.0393842093190345,0.03938732297036724,0.03938732588294789,0.03938732599971151,0.03938732602010712,0.03938732602653586,0.03938732602928235,0.039387326030679154,0.03938732603195607],[0.04998426399101215,0.040523487393104886,0.039639147568802005,0.03943226746319093,0.039365532851188025,0.039342402248531395,0.03933606378212177,0.03933696421637634,0.03934124336248145,0.039347334123700985,0.03935361701939493,0.03938419527384971,0.03938732295898971,0.03938732588263558,0.03938732599966188,0.03938732602009036,0.03938732602652743,0.03938732602927701,0.03938732603067531,0.039387326031953294],[0.04998510726662101,0.040523432816261716,0.03963914886672294,0.039432267573291435,0.03936553334522395,0.03934240341890666,0.03933606462184532,0.03933696471091072,0.03934124349956425,0.03934733344965554,0.03935361801815336,0.039384181209809264,0.03938732294757916,0.03938732588232282,0.03938732599961221,0.03938732602007359,0.039387326026519,0.03938732602927167,0.039387326030671466,0.03938732603195045]],"type":"surface","scene":"scene6"},{"colorscale":[[0.0,"#0d0887"],[0.1111111111111111,"#46039f"],[0.2222222222222222,"#7201a8"],[0.3333333333333333,"#9c179e"],[0.4444444444444444,"#bd3786"],[0.5555555555555556,"#d8576b"],[0.6666666666666666,"#ed7953"],[0.7777777777777778,"#fb9f3a"],[0.8888888888888888,"#fdca26"],[1.0,"#f0f921"]],"name":"NN","showlegend":true,"showscale":false,"x":[1e-05,0.24240772690723,0.48480545381446,0.72720318072169,0.96960090762892,1.21199863453615,1.45439636144338,1.69679408835061,1.93919181525784,2.18158954216506],"y":[1e-05,0.144560514746047,0.289111029492094,0.433661544238141,0.5782120589841879,0.7227625737302349,0.867313088476282,1.011863603222329,1.156414117968376,1.300964632714423],"z":[[7.957961043739162e-17,1.2385839338357922e-14,1.7494157493728754e-14,2.138217938371194e-14,2.4622881981317987e-14,2.7438235359336918e-14,2.994264071244195e-14,3.220477287219051e-14,3.4270082994898215e-14,3.617079276776798e-14],[8.134836365226482e-17,1.2594280465132511e-14,1.76917567609513e-14,2.1502491240963268e-14,2.461863886814127e-14,2.727096353934208e-14,2.9579206838872197e-14,3.1615820366094143e-14,3.342922406581e-14,3.5054120786595924e-14],[7.229889581387216e-17,1.1263556367932804e-14,1.591987653294568e-14,1.9465106423895533e-14,2.2415659746067274e-14,2.4969922006441215e-14,2.722911296815252e-14,2.925337570535375e-14,3.108217941401567e-14,3.274338394184209e-14],[4.5755734187695215e-17,7.502437460246594e-15,1.1115232419351499e-14,1.4196699541950184e-14,1.7027195983566406e-14,1.9703768957931345e-14,2.2270265215071628e-14,2.4749270282737998e-14,2.7153342196112892e-14,2.948981001087353e-14],[-5.833779216793967e-16,-7.141712714761022e-14,-8.04562918885901e-14,-7.932627446855939e-14,-7.43377196055349e-14,-6.783569314981009e-14,-6.084835689620099e-14,-5.3849826511503506e-14,-4.705525178728197e-14,-4.055256499742805e-14],[-2.8471348799957584e-11,-2.519816312950224e-09,-1.7640652777047127e-09,-9.537555105448708e-10,-4.542121772956367e-10,-2.0689505811193024e-10,-9.568125263435291e-11,-4.656223269759564e-11,-2.419028035246906e-11,-1.3421050216741107e-11],[-5.2864778474720825e-11,-7.398563707304409e-09,-9.383445855786838e-09,-1.0292460208603805e-08,-1.064427095825372e-08,-1.067917550221371e-08,-1.0542566424268549e-08,-1.0331431271579141e-08,-1.0108041637270692e-08,-9.901107517604124e-09],[-1.549687785753909e-11,-1.6343971275470955e-09,-1.2833593429113531e-09,-4.0135156880699455e-10,7.860612972760584e-10,2.161924065234579e-09,3.6490304702049807e-09,5.189925445713287e-09,6.7387522451598374e-09,8.257265182116781e-09],[1.947582643347113e-11,3.637576285917202e-09,5.933943542918488e-09,8.15493937235329e-09,1.0350539964980052e-08,1.2516682712844577e-08,1.4638048252632773e-08,1.6696967461208755e-08,1.8675986038458208e-08,2.055871367505889e-08],[4.100091772725653e-11,6.7954131915353375e-09,1.013314767125188e-08,1.2980501624196484e-08,1.556734974312476e-08,1.796534410130083e-08,2.0201609924369407e-08,2.2286238754948364e-08,2.4221817193035263e-08,2.6007446605613174e-08]],"type":"surface","scene":"scene7"},{"colorscale":[[0.0,"#0d0887"],[0.1111111111111111,"#46039f"],[0.2222222222222222,"#7201a8"],[0.3333333333333333,"#9c179e"],[0.4444444444444444,"#bd3786"],[0.5555555555555556,"#d8576b"],[0.6666666666666666,"#ed7953"],[0.7777777777777778,"#fb9f3a"],[0.8888888888888888,"#fdca26"],[1.0,"#f0f921"]],"name":"NN","showlegend":true,"showscale":false,"x":[-0.09930562493060069,-0.0772377082793561,-0.055169791628111496,-0.033101874976866896,-0.011033958325622303,0.01103395832562229,0.033101874976866896,0.055169791628111475,0.07723770827935608,0.09930562493060069],"y":[1e-05,0.144560514746047,0.289111029492094,0.433661544238141,0.5782120589841879,0.7227625737302349,0.867313088476282,1.011863603222329,1.156414117968376,1.300964632714423],"z":[[2.4679430700747074e-14,2.4665395611349824e-14,2.4651293314711466e-14,2.4637121737788274e-14,2.4622881981317987e-14,2.460857514488469e-14,2.459419916017009e-14,2.4579756183656365e-14,2.456524415020807e-14,2.455066416161086e-14],[2.4712013824825992e-14,2.4688765914642948e-14,2.4665454715682143e-14,2.464207903210657e-14,2.461863886814127e-14,2.4595135423389542e-14,2.45715675052613e-14,2.4547935118432826e-14,2.4524238267737056e-14,2.4500478149578055e-14],[2.2507956010962083e-14,2.2484913705706466e-14,2.246185093722722e-14,2.2438766304121222e-14,2.2415659746067274e-14,2.239253253818214e-14,2.2369381945558908e-14,2.234621057696769e-14,2.23230170334206e-14,2.2299802582895875e-14],[1.707479465393513e-14,1.7062816905178515e-14,1.70508906955816e-14,1.7039017045861687e-14,1.7027195983566406e-14,1.7015426545845298e-14,1.7003709750363475e-14,1.6992045623285823e-14,1.6980433202007185e-14,1.6968873501158338e-14],[-7.410954495118827e-14,-7.416707162364248e-14,-7.422427711429705e-14,-7.428116018761978e-14,-7.43377196055349e-14,-7.439395412742458e-14,-7.444985967109783e-14,-7.450543782787456e-14,-7.456068734954961e-14,-7.461560414337795e-14],[-4.462182199228092e-10,-4.4820926328416357e-10,-4.5020528306697344e-10,-4.5220626069176667e-10,-4.542121772956367e-10,-4.5622301369431706e-10,-4.582387504997916e-10,-4.602593680432989e-10,-4.622848464150384e-10,-4.6431516534881863e-10],[-1.074041337371845e-08,-1.0716380187396539e-08,-1.0692345359657407e-08,-1.0668308935054215e-08,-1.064427095825372e-08,-1.0620231474034582e-08,-1.0596190527284735e-08,-1.0572148163009723e-08,-1.0548104426321911e-08,-1.0524059362444785e-08],[6.379636462054451e-10,6.749981203730622e-10,7.120259739650372e-10,7.49047076487046e-10,7.860612972760584e-10,8.230685055001481e-10,8.600685701590691e-10,8.97061360084113e-10,9.3404674393858e-10,9.710245902174482e-10],[1.0156495389525363e-08,1.0205020056446199e-08,1.0253535818081324e-08,1.030204250936879e-08,1.0350539964980052e-08,1.0399028019320065e-08,1.0447506506525684e-08,1.0495975260469279e-08,1.0544434114756584e-08,1.0592882902726905e-08],[1.5342479454331684e-08,1.539870128917639e-08,1.5454920389612712e-08,1.551113659469049e-08,1.556734974312476e-08,1.5623559673295677e-08,1.5679766223249093e-08,1.573596923069494e-08,1.5792168533006722e-08,1.5848363967225682e-08]],"type":"surface","scene":"scene8"},{"colorscale":[[0.0,"#0d0887"],[0.1111111111111111,"#46039f"],[0.2222222222222222,"#7201a8"],[0.3333333333333333,"#9c179e"],[0.4444444444444444,"#bd3786"],[0.5555555555555556,"#d8576b"],[0.6666666666666666,"#ed7953"],[0.7777777777777778,"#fb9f3a"],[0.8888888888888888,"#fdca26"],[1.0,"#f0f921"]],"name":"NN","showlegend":true,"showscale":false,"x":[-0.09930562493060069,-0.0772377082793561,-0.055169791628111496,-0.033101874976866896,-0.011033958325622303,0.01103395832562229,0.033101874976866896,0.055169791628111475,0.07723770827935608,0.09930562493060069],"y":[1e-05,0.24240772690723,0.48480545381446,0.72720318072169,0.96960090762892,1.21199863453615,1.45439636144338,1.69679408835061,1.93919181525784,2.18158954216506],"z":[[-5.81220608470976e-16,-5.817632718161435e-16,-5.823037283406571e-16,-5.828419489306983e-16,-5.833779216793967e-16,-5.839116346534445e-16,-5.844430758931076e-16,-5.849722334122427e-16,-5.854990779409532e-16,-5.860236319524637e-16],[-7.11744430365337e-14,-7.123554131476046e-14,-7.12963556739821e-14,-7.13568847429899e-14,-7.141712714761022e-14,-7.1477079224845e-14,-7.153673959321346e-14,-7.159611144188683e-14,-7.165518652459758e-14,-7.171396802511853e-14],[-8.019881326661822e-14,-8.02636791591866e-14,-8.03282152031835e-14,-8.039241993516582e-14,-8.04562918885901e-14,-8.051982408204792e-14,-8.058302055186057e-14,-8.064587982227022e-14,-8.07083976565532e-14,-8.07705725708552e-14],[-7.908089729234207e-14,-7.914274441487676e-14,-7.920425723566723e-14,-7.926543437956287e-14,-7.932627446855939e-14,-7.93867732416818e-14,-7.944693219361807e-14,-7.950674705602878e-14,-7.956621931969053e-14,-7.962534759241257e-14],[-7.410954495118827e-14,-7.416707162364248e-14,-7.422427711429705e-14,-7.428116018761978e-14,-7.43377196055349e-14,-7.439395412742458e-14,-7.444985967109783e-14,-7.450543782787456e-14,-7.456068734954961e-14,-7.461560414337795e-14],[-6.762371334179972e-14,-6.7677161367904e-14,-6.773030672023301e-14,-6.778315371325068e-14,-6.783569314981009e-14,-6.788792934112772e-14,-6.79398611933619e-14,-6.799148490312512e-14,-6.804279936863148e-14,-6.809380619544363e-14],[-6.064996684816954e-14,-6.069998330433371e-14,-6.074972193693425e-14,-6.079917927961565e-14,-6.084835689620099e-14,-6.089725383380939e-14,-6.094586661625678e-14,-6.099419428285306e-14,-6.104223839486564e-14,-6.108999546643024e-14],[-5.366229507818204e-14,-5.370956309649783e-14,-5.375657450886647e-14,-5.380333079115006e-14,-5.3849826511503506e-14,-5.3896063140925985e-14,-5.394203754092943e-14,-5.3987753490153453e-14,-5.4033205538566285e-14,-5.4078395156069056e-14],[-4.6876181891260545e-14,-4.69213056601658e-14,-4.6966192380172876e-14,-4.701084133009242e-14,-4.705525178728197e-14,-4.709942510166538e-14,-4.7143360552228946e-14,-4.718705326235885e-14,-4.723050665609792e-14,-4.727371792791137e-14],[-4.037998882425314e-14,-4.042345884034974e-14,-4.0466713177662635e-14,-4.05097475527414e-14,-4.055256499742805e-14,-4.0595161219152134e-14,-4.063753925367963e-14,-4.067969479940019e-14,-4.072162905710459e-14,-4.076334139226181e-14]],"type":"surface","scene":"scene9"},{"colorscale":[[0.0,"#0d0887"],[0.1111111111111111,"#46039f"],[0.2222222222222222,"#7201a8"],[0.3333333333333333,"#9c179e"],[0.4444444444444444,"#bd3786"],[0.5555555555555556,"#d8576b"],[0.6666666666666666,"#ed7953"],[0.7777777777777778,"#fb9f3a"],[0.8888888888888888,"#fdca26"],[1.0,"#f0f921"]],"name":"NN","showlegend":true,"showscale":false,"x":[0.01,0.06157894736842105,0.1131578947368421,0.16473684210526315,0.2163157894736842,0.26789473684210524,0.3194736842105263,0.37105263157894736,0.4226315789473684,0.47421052631578947,0.5257894736842105,0.5773684210526315,0.6289473684210526,0.6805263157894736,0.7321052631578947,0.7836842105263158,0.8352631578947368,0.8868421052631579,0.9384210526315789,0.99],"y":[1e-05,0.144560514746047,0.289111029492094,0.433661544238141,0.5782120589841879,0.7227625737302349,0.867313088476282,1.011863603222329,1.156414117968376,1.300964632714423],"z":[[1.0218083938818964e-05,2.1887802276304038e-11,7.944621904107685e-13,1.6320393501661468e-13,6.83439939592567e-14,4.0390347404357314e-14,3.0435584384261386e-14,2.6887337372795143e-14,2.5695683864769625e-14,2.5311547863712976e-14,2.5163717552494954e-14,2.505905219243578e-14,2.4940471220343428e-14,2.479517063141551e-14,2.4622881981317987e-14,2.442617851992762e-14,2.420804498164601e-14,2.3971483091031332e-14,2.3719499990736072e-14,2.3455107238510983e-14],[-5.242328398566729e-06,-6.867468636526734e-08,5.660953467612101e-07,2.695781787751602e-10,1.0462585273252433e-12,2.314368652314396e-13,1.0965925191191121e-13,6.458483904457384e-14,4.312985523559644e-14,3.2722433176078003e-14,2.788360002803883e-14,2.5768792602986627e-14,2.4930693411401582e-14,2.4660524847402175e-14,2.461863886814127e-14,2.4644121191428634e-14,2.4662165714104613e-14,2.4639949917429562e-14,2.4565478799969587e-14,2.443716905185546e-14],[-2.621357967810522e-07,-2.1729430269522987e-07,-1.8798726837005355e-07,-1.0815155304271064e-07,-5.255080127160982e-08,3.3428460198349534e-08,6.446790047491296e-12,2.0144332479453192e-13,8.636852112938338e-14,5.859730265894155e-14,4.387180695548487e-14,3.437561903772822e-14,2.825426035825051e-14,2.4513424447459327e-14,2.2415659746067274e-14,2.1408269038394642e-14,2.1088747242261995e-14,2.117115989619686e-14,2.1457976738253723e-14,2.1817847280291192e-14],[1.3212214678842086e-06,3.38473316155652e-08,-8.872893985776226e-08,-6.23019858479982e-08,-6.51173543259336e-08,-6.773796189655178e-08,-5.8409540076916703e-08,-3.977549385229306e-08,-2.4989216647197492e-08,-2.463968202072191e-12,-2.9221217992171227e-14,9.318260074700283e-15,1.5225840437288104e-14,1.6797523857824974e-14,1.7027195983566406e-14,1.6785053088566952e-14,1.6426771401312604e-14,1.6104198532804248e-14,1.588706687408781e-14,1.581559952580159e-14],[1.299130250303131e-06,1.3957382504785223e-07,-2.573634843639811e-09,8.889020997749813e-09,-4.599506614427926e-09,-2.2605399666347586e-08,-3.210724869602462e-08,-3.5628533950124964e-08,-3.679757342988654e-08,-3.5621831432140714e-08,-3.4991740295091465e-08,-4.337019203141849e-09,-5.013449530582722e-12,-2.9012410690041425e-13,-7.43377196055349e-14,-3.1190164146217924e-14,-1.5149810745699807e-14,-6.823264717929568e-15,-1.5991480503588965e-15,2.031724110842209e-15],[4.939262723030851e-07,1.1250852191332597e-07,1.2553822483844811e-08,3.2437839392659607e-08,2.43119720051874e-08,5.880343191200751e-09,-6.649654917489647e-09,-1.279340566296569e-08,-1.6790516680082074e-08,-2.082486977370541e-08,-2.4068506537021234e-08,-2.4923517777012224e-08,-2.405009990997971e-08,-1.817021873077114e-08,-4.542121772956367e-10,-7.233519627059355e-12,-8.83728047099803e-13,-2.711760298671258e-13,-1.273190629622553e-13,-7.342227852416843e-14],[-4.0697205981304046e-07,3.75432958912585e-08,-1.0441898774238983e-08,2.2770828789429546e-08,2.4353289770640286e-08,1.093136881260402e-08,4.849126819780492e-10,-3.671374599740197e-09,-4.856020347727383e-09,-6.307743642183951e-09,-8.824155527471487e-09,-1.1309165376707286e-08,-1.2431978643240272e-08,-1.1876151043761989e-08,-1.064427095825372e-08,-8.801511223035727e-09,-1.6164876531636862e-09,-6.79149256368673e-11,-7.1617612915024114e-12,-1.8037386002165983e-12],[-9.162027600853045e-07,-1.37900570208429e-08,-3.3278065237089e-08,5.500132187510973e-09,1.2998477643935796e-08,3.6548647281666887e-09,-4.479660615020193e-09,-6.260062174629491e-09,-3.946165659153378e-09,-1.164905218445888e-09,5.96317593476309e-11,-1.5843670984462692e-10,-5.783422171143993e-10,-2.6066722975851543e-10,7.860612972760584e-10,1.984838178357628e-09,2.0745415105072545e-09,-1.9798367207723052e-11,-2.7163196113999226e-10,-4.662521405075172e-11],[-8.201434341339982e-07,-7.2599913707186996e-09,-3.476655621333657e-08,-2.9577635030802413e-09,3.5534339676429363e-09,-5.43752613739461e-09,-1.346475123042285e-08,-1.460393654302368e-08,-1.0209476635234013e-08,-3.89401385543915e-09,1.4042033501782876e-09,4.621339097531851e-09,6.449230130795964e-09,8.183207767551883e-09,1.0350539964980052e-08,1.2372900674232827e-08,1.3524441772761202e-08,1.225383036465211e-08,5.36820768854654e-09,6.387162448366387e-10],[-1.1460126109804643e-07,6.280690215556564e-08,-8.88532294551533e-09,3.867117765031964e-09,2.6716643996071178e-09,-9.958218717984466e-09,-2.054486630458356e-08,-2.333400908649221e-08,-1.907057810016155e-08,-1.1069931358656777e-08,-2.703131334978383e-09,3.907245940902052e-09,8.411076041679797e-09,1.1883627416743366e-08,1.556734974312476e-08,1.94231118684979e-08,2.2123930631832088e-08,2.252773159679343e-08,1.6636805957169742e-08,4.192191205618887e-09]],"type":"surface","scene":"scene10"},{"colorscale":[[0.0,"#0d0887"],[0.1111111111111111,"#46039f"],[0.2222222222222222,"#7201a8"],[0.3333333333333333,"#9c179e"],[0.4444444444444444,"#bd3786"],[0.5555555555555556,"#d8576b"],[0.6666666666666666,"#ed7953"],[0.7777777777777778,"#fb9f3a"],[0.8888888888888888,"#fdca26"],[1.0,"#f0f921"]],"name":"NN","showlegend":true,"showscale":false,"x":[0.01,0.06157894736842105,0.1131578947368421,0.16473684210526315,0.2163157894736842,0.26789473684210524,0.3194736842105263,0.37105263157894736,0.4226315789473684,0.47421052631578947,0.5257894736842105,0.5773684210526315,0.6289473684210526,0.6805263157894736,0.7321052631578947,0.7836842105263158,0.8352631578947368,0.8868421052631579,0.9384210526315789,0.99],"y":[1e-05,0.24240772690723,0.48480545381446,0.72720318072169,0.96960090762892,1.21199863453615,1.45439636144338,1.69679408835061,1.93919181525784,2.18158954216506],"z":[[6.082503013560446e-09,2.9957905288891e-10,-1.4053606716096322e-10,-7.66222327818219e-11,-9.316831451643453e-11,-1.2451305148797608e-10,-1.3492830333020412e-10,-1.3458917528243655e-10,-1.3376975731256315e-10,-1.294684668925447e-10,-1.209789335556398e-10,-8.044946329858777e-11,-2.1484443701038875e-13,-3.653528777448564e-15,-5.833779216793967e-16,-2.069954227165944e-16,-9.888293246971502e-17,-5.136768973948589e-17,-2.4541609463987824e-17,-7.052239913743196e-18],[9.357683886386842e-07,5.872265475015324e-08,-1.4118842387860375e-08,-6.216278659363006e-09,-1.030108836140588e-08,-1.6524016376211895e-08,-1.9168979647416724e-08,-1.976279093159384e-08,-1.9962551104411287e-08,-1.940674205377485e-08,-1.832199979669142e-08,-9.589504477298026e-09,-1.592507348000082e-11,-3.86885135888535e-13,-7.141712714761022e-14,-2.6815614269586317e-14,-1.3030231074847678e-14,-6.677638724690161e-15,-2.977496701338624e-15,-5.187567614144353e-16],[1.244