{"data":[{"colorscale":[[0.0,"#0d0887"],[0.1111111111111111,"#46039f"],[0.2222222222222222,"#7201a8"],[0.3333333333333333,"#9c179e"],[0.4444444444444444,"#bd3786"],[0.5555555555555556,"#d8576b"],[0.6666666666666666,"#ed7953"],[0.7777777777777778,"#fb9f3a"],[0.8888888888888888,"#fdca26"],[1.0,"#f0f921"]],"name":"NN","showlegend":true,"showscale":false,"x":[0.24240772690723,0.48480545381446,0.72720318072169,0.96960090762892,1.21199863453615,1.45439636144338,1.69679408835061,1.93919181525784],"y":[0.144560514746047,0.289111029492094,0.433661544238141,0.5782120589841879,0.7227625737302349,0.867313088476282,1.011863603222329,1.156414117968376],"z":[[0.019693967682601815,0.027851188954272195,0.03411048356809934,0.03938732603683985,0.04403632381812513,0.04823934264163324,0.05210441959736861,0.05570194704550293],[0.01969396768221202,0.027851188953755456,0.034110483567507496,0.03938732603620229,0.044036323817461746,0.0482393426409586,0.052104419596693825,0.05570194704483661],[0.01969396767934906,0.027851188949796293,0.03411048356276177,0.039387326030834675,0.04403632381157903,0.04823934263463707,0.05210441958999123,0.05570194703779841],[0.01969396765027783,0.027851188916941473,0.034110483530130416,0.03938732599986017,0.044036323782746106,0.04823934260802294,0.05210441956549322,0.055701947015239874],[0.019692397264549057,0.027850083231838102,0.03410988408991164,0.039387040330928914,0.04403619375704136,0.04823928259196976,0.05210439045470758,0.05570193196652019],[0.019683444949931978,0.027836308805790067,0.034092271341605314,0.039366333045131305,0.04401293773081366,0.048213896612479434,0.05207725639184378,0.05567347261974499],[0.019681329921686756,0.02783331487233726,0.034088595007055564,0.03936205970074678,0.04400809050645461,0.04820843772139916,0.052071070120348395,0.05566633571383856],[0.019679458627266545,0.027830668572855405,0.03408535562360367,0.03935832294603405,0.044003919035530394,0.04820387746572416,0.05206615723816093,0.055661100099140895]],"type":"surface","scene":"scene"},{"colorscale":[[0.0,"#0d0887"],[0.1111111111111111,"#46039f"],[0.2222222222222222,"#7201a8"],[0.3333333333333333,"#9c179e"],[0.4444444444444444,"#bd3786"],[0.5555555555555556,"#d8576b"],[0.6666666666666666,"#ed7953"],[0.7777777777777778,"#fb9f3a"],[0.8888888888888888,"#fdca26"],[1.0,"#f0f921"]],"name":"NN","showlegend":true,"showscale":false,"x":[-0.0772377082793561,-0.055169791628111496,-0.033101874976866896,-0.011033958325622303,0.01103395832562229,0.033101874976866896,0.055169791628111475,0.07723770827935608],"y":[0.144560514746047,0.289111029492094,0.433661544238141,0.5782120589841879,0.7227625737302349,0.867313088476282,1.011863603222329,1.156414117968376],"z":[[0.039387326036839865,0.039387326036839865,0.03938732603683986,0.03938732603683985,0.039387326036839844,0.03938732603683984,0.03938732603683983,0.039387326036839816],[0.03938732603619943,0.03938732603620038,0.039387326036201334,0.03938732603620229,0.03938732603620324,0.03938732603620419,0.03938732603620514,0.039387326036206094],[0.0393873260308345,0.03938732603083456,0.03938732603083462,0.039387326030834675,0.03938732603083474,0.0393873260308348,0.039387326030834856,0.03938732603083492],[0.03938732600000848,0.03938732599995908,0.03938732599990964,0.03938732599986017,0.03938732599981065,0.0393873259997611,0.03938732599971151,0.03938732599966188],[0.03938704499183425,0.03938704344458864,0.03938704189095651,0.039387040330928914,0.03938703876449704,0.03938703719165218,0.03938703561238573,0.03938703402668922],[0.039366335064654596,0.03936633438369881,0.03936633371052132,0.039366333045131305,0.03936633238753795,0.039366331737750386,0.039366331095777723,0.03936633046162904],[0.039362062149166564,0.03936206132251679,0.03936206050637452,0.03936205970074678,0.03936205890564057,0.039362058121062866,0.03936205734702065,0.03936205658352085],[0.039358327330912206,0.03935832585906472,0.03935832439743525,0.03935832294603405,0.039358321504871355,0.03935832007395741,0.03935831865330247,0.03935831724291676]],"type":"surface","scene":"scene2"},{"colorscale":[[0.0,"#0d0887"],[0.1111111111111111,"#46039f"],[0.2222222222222222,"#7201a8"],[0.3333333333333333,"#9c179e"],[0.4444444444444444,"#bd3786"],[0.5555555555555556,"#d8576b"],[0.6666666666666666,"#ed7953"],[0.7777777777777778,"#fb9f3a"],[0.8888888888888888,"#fdca26"],[1.0,"#f0f921"]],"name":"NN","showlegend":true,"showscale":false,"x":[-0.0772377082793561,-0.055169791628111496,-0.033101874976866896,-0.011033958325622303,0.01103395832562229,0.033101874976866896,0.055169791628111475,0.07723770827935608],"y":[0.24240772690723,0.48480545381446,0.72720318072169,0.96960090762892,1.21199863453615,1.45439636144338,1.69679408835061,1.93919181525784],"z":[[0.0196939676504461,0.01969396765039007,0.019693967650333984,0.01969396765027783,0.019693967650221616,0.01969396765016534,0.019693967650109,0.0196939676500526],[0.027851188917119518,0.02785118891706023,0.02785118891700088,0.027851188916941473,0.027851188916882007,0.027851188916822485,0.0278511889167629,0.02785118891670326],[0.03411048353029646,0.03411048353024116,0.034110483530185816,0.034110483530130416,0.034110483530074974,0.034110483530019484,0.034110483529963945,0.03411048352990836],[0.03938732600000848,0.03938732599995908,0.03938732599990964,0.03938732599986017,0.03938732599981065,0.0393873259997611,0.03938732599971151,0.03938732599966188],[0.04403632378287621,0.04403632378283287,0.0440363237827895,0.044036323782746106,0.044036323782702676,0.04403632378265922,0.04403632378261573,0.04403632378257221],[0.04823934260813621,0.04823934260809848,0.048239342608060724,0.04823934260802294,0.04823934260798514,0.04823934260794731,0.04823934260790946,0.048239342607871584],[0.052104419565591586,0.05210441956555882,0.05210441956552603,0.05210441956549322,0.05210441956546039,0.05210441956542755,0.05210441956539469,0.052104419565361805],[0.05570194701532531,0.05570194701529685,0.05570194701526837,0.055701947015239874,0.05570194701521137,0.05570194701518284,0.0557019470151543,0.05570194701512575]],"type":"surface","scene":"scene3"},{"colorscale":[[0.0,"#0d0887"],[0.1111111111111111,"#46039f"],[0.2222222222222222,"#7201a8"],[0.3333333333333333,"#9c179e"],[0.4444444444444444,"#bd3786"],[0.5555555555555556,"#d8576b"],[0.6666666666666666,"#ed7953"],[0.7777777777777778,"#fb9f3a"],[0.8888888888888888,"#fdca26"],[1.0,"#f0f921"]],"name":"NN","showlegend":true,"showscale":false,"x":[0.06157894736842105,0.1131578947368421,0.16473684210526315,0.2163157894736842,0.26789473684210524,0.3194736842105263,0.37105263157894736,0.4226315789473684,0.47421052631578947,0.5257894736842105,0.5773684210526315,0.6289473684210526,0.6805263157894736,0.7321052631578947,0.7836842105263158,0.8352631578947368,0.8868421052631579,0.9384210526315789],"y":[0.144560514746047,0.289111029492094,0.433661544238141,0.5782120589841879,0.7227625737302349,0.867313088476282,1.011863603222329,1.156414117968376],"z":[[0.040691382816773564,0.03966942125072569,0.03938734747633628,0.0393873260081635,0.039387326020943796,0.03938732602832558,0.03938732603170718,0.039387326033706316,0.0393873260349905,0.039387326035801765,0.03938732603629816,0.039387326036591966,0.03938732603675709,0.03938732603683985,0.03938732603686912,0.0393873260368633,0.039387326036834557,0.03938732603667805],[0.04057571900629774,0.039650655207919376,0.039436770221398555,0.03937023720370415,0.039347381682266265,0.039387321642646765,0.03938732596135412,0.0393873260154423,0.03938732602585678,0.03938732602990307,0.039387326032209104,0.03938732603386646,0.039387326035169604,0.03938732603620229,0.03938732603699587,0.039387326037574596,0.03938732603796662,0.03938732603820374],[0.04054104181624503,0.0396431913710344,0.0394338515786549,0.0393671768475508,0.03934496102552043,0.03933986788113492,0.03934235856765957,0.03936122537841528,0.03938732293072061,0.039387325947255976,0.03938732601307504,0.039387326024703295,0.03938732602881722,0.039387326030834675,0.03938732603208527,0.039387326033055566,0.03938732603396245,0.03938732603489638],[0.04052371301244768,0.03963914388385763,0.03943226725699586,0.039365530816339436,0.03934239755026533,0.03933606052608544,0.039336962444214994,0.03934124307677896,0.03934733707847815,0.039353613185855334,0.03938425133880888,0.03938732300430183,0.03938732588388219,0.03938732599986017,0.03938732602015735,0.03938732602656111,0.03938732602929834,0.03938732603069067],[0.04051298723969018,0.03963679625427616,0.03943131100675117,0.039364518351100546,0.03934082113116144,0.03933375795635416,0.039333902276426344,0.03933730039741362,0.039342259999000484,0.039348079457852986,0.03935440046164934,0.03936041490002619,0.03937152794069992,0.039387040330928914,0.03938732254429201,0.0393873256967254,0.03938732594928897,0.039387326000145065],[0.040505645968765366,0.039635255869094936,0.039430674486281236,0.03936382950914813,0.03933975998312825,0.039332182188914294,0.03933178708843908,0.03933464762298788,0.039339040113441075,0.03934417546900286,0.03934967460675285,0.03935540239068301,0.03936114910638308,0.039366333045131305,0.03937414540123519,0.03938580545801919,0.03938728333603576,0.03938732272982678],[0.040500431451204535,0.039634134488972544,0.039430213220143756,0.039363333871447394,0.039339011169883684,0.0393310743576931,0.03933027179203711,0.03933269201990979,0.03933663960771845,0.039341367673601975,0.039346443130630876,0.039351595290037726,0.03935679261272323,0.03936205970074678,0.03936704937551909,0.03937211624980214,0.03938074199993741,0.03938655035201801],[0.04049678928395535,0.0396332705189965,0.039429857171713455,0.03936296023660818,0.03933844475086392,0.03933024911178885,0.039329162273564464,0.03933125856657779,0.039334830512742246,0.039339190088924766,0.03934398410291594,0.03934887941317542,0.03935363534481928,0.03935832294603405,0.03936315617223666,0.03936795543261925,0.039373154850182765,0.039381215627404056]],"type":"surface","scene":"scene4"},{"colorscale":[[0.0,"#0d0887"],[0.1111111111111111,"#46039f"],[0.2222222222222222,"#7201a8"],[0.3333333333333333,"#9c179e"],[0.4444444444444444,"#bd3786"],[0.5555555555555556,"#d8576b"],[0.6666666666666666,"#ed7953"],[0.7777777777777778,"#fb9f3a"],[0.8888888888888888,"#fdca26"],[1.0,"#f0f921"]],"name":"NN","showlegend":true,"showscale":false,"x":[0.06157894736842105,0.1131578947368421,0.16473684210526315,0.2163157894736842,0.26789473684210524,0.3194736842105263,0.37105263157894736,0.4226315789473684,0.47421052631578947,0.5257894736842105,0.5773684210526315,0.6289473684210526,0.6805263157894736,0.7321052631578947,0.7836842105263158,0.8352631578947368,0.8868421052631579,0.9384210526315789],"y":[0.24240772690723,0.48480545381446,0.72720318072169,0.96960090762892,1.21199863453615,1.45439636144338,1.69679408835061,1.93919181525784],"z":[[0.020261196650885865,0.019819649804628445,0.019716372492226276,0.019683061586038705,0.019671508210262676,0.01966834182810371,0.01966880159565929,0.01967096243543368,0.01967403992384357,0.019677305836295466,0.019687255828469565,0.01969395848050926,0.0196939674891359,0.01969396765027783,0.019693967670496644,0.019693967675906168,0.019693967677986122,0.019693967678971518],[0.028653799268111967,0.028029027502738887,0.027882903252352736,0.027835771012773663,0.02781942736661158,0.027814948087103334,0.027815592808378878,0.027818638190641863,0.027822977571843988,0.027827527747025817,0.02784460945851971,0.027851182229139796,0.027851188759298276,0.027851188916941473,0.027851188939314764,0.027851188945663175,0.027851188948196225,0.027851188949426967],[0.03509404111183456,0.03432842253449491,0.03414936362461328,0.03409160526423613,0.0340715806405394,0.03406609332650549,0.03406687782248587,0.034070595855524057,0.03407589318598191,0.03408138559652498,0.034105547164178754,0.03411047904320689,0.034110483392684264,0.034110483530130416,0.034110483551914456,0.03411048355844318,0.03411048356114177,0.03411048356248438],[0.04052371301244768,0.03963914388385763,0.03943226725699586,0.039365530816339436,0.03934239755026533,0.03933606052608544,0.039336962444214994,0.03934124307677896,0.03934733707847815,0.039353613185855334,0.03938425133880888,0.03938732300430183,0.03938732588388219,0.03938732599986017,0.03938732602015735,0.03938732602656111,0.03938732602929834,0.03938732603069067],[0.04530759715991496,0.04431805720091524,0.04408662386363272,0.04401195832771128,0.04398608096689009,0.04397899622751835,0.04398000255249953,0.043984775300598945,0.04399155860758289,0.04399857875999782,0.044034665167326924,0.04403632175091485,0.04403632368571226,0.044036323782746106,0.044036323801317265,0.044036323807468004,0.04403632381018183,0.04403632381159102],[0.049632763766668024,0.0485481851565676,0.04829450536307076,0.04821265268073749,0.04818428943784497,0.048176530468714465,0.0481776333322561,0.048182848002499556,0.04819023934371021,0.048198105429423224,0.048238530461384224,0.04823934119776433,0.048239342526745076,0.04823934260802294,0.04823934262489705,0.04823934263074911,0.0482393426334093,0.048239342634817425],[0.05361033192328944,0.05243825137135909,0.05216407128793994,0.052075591157887964,0.052044937303769336,0.05203656099305169,0.05203775586982257,0.05204337427597725,0.05205130610385269,0.05206032978253601,0.052104039178227424,0.05210441856129348,0.052104419497034475,0.05210441956549322,0.05210441958080739,0.05210441958635551,0.0521044195889488,0.05210441959034631],[0.05731269578517919,0.05605909516394786,0.055765793781901135,0.055671127243271556,0.05563833724796569,0.05562938997485575,0.055630674756433254,0.05563666647190924,0.05564507813345138,0.05565588632631516,0.055701768213584434,0.05570194628131264,0.055701946957134874,0.055701947015239874,0.0557019470291676,0.05570194703442617,0.05570194703694858,0.05570194703833086]],"type":"surface","scene":"scene5"},{"colorscale":[[0.0,"#0d0887"],[0.1111111111111111,"#46039f"],[0.2222222222222222,"#7201a8"],[0.3333333333333333,"#9c179e"],[0.4444444444444444,"#bd3786"],[0.5555555555555556,"#d8576b"],[0.6666666666666666,"#ed7953"],[0.7777777777777778,"#fb9f3a"],[0.8888888888888888,"#fdca26"],[1.0,"#f0f921"]],"name":"NN","showlegend":true,"showscale":false,"x":[0.06157894736842105,0.1131578947368421,0.16473684210526315,0.2163157894736842,0.26789473684210524,0.3194736842105263,0.37105263157894736,0.4226315789473684,0.47421052631578947,0.5257894736842105,0.5773684210526315,0.6289473684210526,0.6805263157894736,0.7321052631578947,0.7836842105263158,0.8352631578947368,0.8868421052631579,0.9384210526315789],"y":[-0.0772377082793561,-0.055169791628111496,-0.033101874976866896,-0.011033958325622303,0.01103395832562229,0.033101874976866896,0.055169791628111475,0.07723770827935608],"z":[[0.04052388986472121,0.039639142694326134,0.03943226734704455,0.039365529229582946,0.03934239401073037,0.039336058194037855,0.03933696133330997,0.03934124313993271,0.03934733956701487,0.03935361048053432,0.03938429317940316,0.03938732303793973,0.039387325884812516,0.03938732600000848,0.039387326020207496,0.039387326026586324,0.039387326029314315,0.03938732603070218],[0.040523830189382194,0.03963914294147598,0.03943226729381083,0.03936552976420257,0.0393423951919577,0.03933605896077198,0.039336961682691074,0.039341243092340696,0.039347338711488836,0.03935361136611411,0.039384279252881876,0.03938732302676004,0.039387325884502854,0.03938732599995908,0.03938732602019079,0.03938732602657793,0.03938732602930899,0.03938732603069835],[0.04052377123815561,0.03963914333789338,0.0394322672637802,0.03936553029313346,0.039342396371823594,0.03933605973814458,0.0393369620530157,0.039341243071309186,0.0393473378819875,0.03935361226789103,0.039384265305930574,0.03938732301554741,0.03938732588419275,0.03938732599990964,0.03938732602017407,0.03938732602656952,0.03938732602930367,0.03938732603069451],[0.04052371301244768,0.03963914388385763,0.03943226725699586,0.039365530816339436,0.03934239755026533,0.03933606052608544,0.039336962444214994,0.03934124307677896,0.03934733707847815,0.039353613185855334,0.03938425133880888,0.03938732300430183,0.03938732588388219,0.03938732599986017,0.03938732602015735,0.03938732602656111,0.03938732602929834,0.03938732603069067],[0.040523655513669696,0.03963914457964896,0.03943226727350119,0.039365531333784266,0.03934239872722004,0.039336061324524184,0.039336962856219945,0.039341243108690666,0.03934733630092792,0.03935361411999739,0.03938423735177757,0.03938732299302329,0.0393873258835712,0.03938732599981065,0.03938732602014061,0.0393873260265527,0.03938732602929301,0.039387326030686835],[0.04052359874323805,0.039639145425548555,0.03943226731333968,0.03936553184543161,0.03934239990262474,0.03933606213339029,0.0393369632889614,0.03934124316698478,0.03934733554930378,0.03935361507030762,0.03938422334509844,0.03938732298171176,0.039387325883259765,0.0393873259997611,0.03938732602012387,0.03938732602654428,0.039387326029287684,0.039387326030683],[0.040523542702574245,0.03963914642183855,0.039432267376554996,0.03936553235124504,0.03934240107641628,0.0393360629526131,0.03933696374237002,0.03934124325160165,0.039347334823572576,0.0393536160367766,0.0393842093190345,0.03938732297036724,0.03938732588294789,0.03938732599971151,0.03938732602010712,0.03938732602653586,0.03938732602928235,0.039387326030679154],[0.040523487393104886,0.039639147568802005,0.03943226746319093,0.039365532851188025,0.039342402248531395,0.03933606378212177,0.03933696421637634,0.03934124336248145,0.039347334123700985,0.03935361701939493,0.03938419527384971,0.03938732295898971,0.03938732588263558,0.03938732599966188,0.03938732602009036,0.03938732602652743,0.03938732602927701,0.03938732603067531]],"type":"surface","scene":"scene6"},{"colorscale":[[0.0,"#0d0887"],[0.1111111111111111,"#46039f"],[0.2222222222222222,"#7201a8"],[0.3333333333333333,"#9c179e"],[0.4444444444444444,"#bd3786"],[0.5555555555555556,"#d8576b"],[0.6666666666666666,"#ed7953"],[0.7777777777777778,"#fb9f3a"],[0.8888888888888888,"#fdca26"],[1.0,"#f0f921"]],"name":"NN","showlegend":true,"showscale":false,"x":[0.24240772690723,0.48480545381446,0.72720318072169,0.96960090762892,1.21199863453615,1.45439636144338,1.69679408835061,1.93919181525784],"y":[0.144560514746047,0.289111029492094,0.433661544238141,0.5782120589841879,0.7227625737302349,0.867313088476282,1.011863603222329,1.156414117968376],"z":[[1.2594280465132511e-14,1.76917567609513e-14,2.1502491240963268e-14,2.461863886814127e-14,2.727096353934208e-14,2.9579206838872197e-14,3.1615820366094143e-14,3.342922406581e-14],[1.1263556367932804e-14,1.591987653294568e-14,1.9465106423895533e-14,2.2415659746067274e-14,2.4969922006441215e-14,2.722911296815252e-14,2.925337570535375e-14,3.108217941401567e-14],[7.502437460246594e-15,1.1115232419351499e-14,1.4196699541950184e-14,1.7027195983566406e-14,1.9703768957931345e-14,2.2270265215071628e-14,2.4749270282737998e-14,2.7153342196112892e-14],[-7.141712714761022e-14,-8.04562918885901e-14,-7.932627446855939e-14,-7.43377196055349e-14,-6.783569314981009e-14,-6.084835689620099e-14,-5.3849826511503506e-14,-4.705525178728197e-14],[-2.519816312950224e-09,-1.7640652777047127e-09,-9.537555105448708e-10,-4.542121772956367e-10,-2.0689505811193024e-10,-9.568125263435291e-11,-4.656223269759564e-11,-2.419028035246906e-11],[-7.398563707304409e-09,-9.383445855786838e-09,-1.0292460208603805e-08,-1.064427095825372e-08,-1.067917550221371e-08,-1.0542566424268549e-08,-1.0331431271579141e-08,-1.0108041637270692e-08],[-1.6343971275470955e-09,-1.2833593429113531e-09,-4.0135156880699455e-10,7.860612972760584e-10,2.161924065234579e-09,3.6490304702049807e-09,5.189925445713287e-09,6.7387522451598374e-09],[3.637576285917202e-09,5.933943542918488e-09,8.15493937235329e-09,1.0350539964980052e-08,1.2516682712844577e-08,1.4638048252632773e-08,1.6696967461208755e-08,1.8675986038458208e-08]],"type":"surface","scene":"scene7"},{"colorscale":[[0.0,"#0d0887"],[0.1111111111111111,"#46039f"],[0.2222222222222222,"#7201a8"],[0.3333333333333333,"#9c179e"],[0.4444444444444444,"#bd3786"],[0.5555555555555556,"#d8576b"],[0.6666666666666666,"#ed7953"],[0.7777777777777778,"#fb9f3a"],[0.8888888888888888,"#fdca26"],[1.0,"#f0f921"]],"name":"NN","showlegend":true,"showscale":false,"x":[-0.0772377082793561,-0.055169791628111496,-0.033101874976866896,-0.011033958325622303,0.01103395832562229,0.033101874976866896,0.055169791628111475,0.07723770827935608],"y":[0.144560514746047,0.289111029492094,0.433661544238141,0.5782120589841879,0.7227625737302349,0.867313088476282,1.011863603222329,1.156414117968376],"z":[[2.4688765914642948e-14,2.4665454715682143e-14,2.464207903210657e-14,2.461863886814127e-14,2.4595135423389542e-14,2.45715675052613e-14,2.4547935118432826e-14,2.4524238267737056e-14],[2.2484913705706466e-14,2.246185093722722e-14,2.2438766304121222e-14,2.2415659746067274e-14,2.239253253818214e-14,2.2369381945558908e-14,2.234621057696769e-14,2.23230170334206e-14],[1.7062816905178515e-14,1.70508906955816e-14,1.7039017045861687e-14,1.7027195983566406e-14,1.7015426545845298e-14,1.7003709750363475e-14,1.6992045623285823e-14,1.6980433202007185e-14],[-7.416707162364248e-14,-7.422427711429705e-14,-7.428116018761978e-14,-7.43377196055349e-14,-7.439395412742458e-14,-7.444985967109783e-14,-7.450543782787456e-14,-7.456068734954961e-14],[-4.4820926328416357e-10,-4.5020528306697344e-10,-4.5220626069176667e-10,-4.542121772956367e-10,-4.5622301369431706e-10,-4.582387504997916e-10,-4.602593680432989e-10,-4.622848464150384e-10],[-1.0716380187396539e-08,-1.0692345359657407e-08,-1.0668308935054215e-08,-1.064427095825372e-08,-1.0620231474034582e-08,-1.0596190527284735e-08,-1.0572148163009723e-08,-1.0548104426321911e-08],[6.749981203730622e-10,7.120259739650372e-10,7.49047076487046e-10,7.860612972760584e-10,8.230685055001481e-10,8.600685701590691e-10,8.97061360084113e-10,9.3404674393858e-10],[1.0205020056446199e-08,1.0253535818081324e-08,1.030204250936879e-08,1.0350539964980052e-08,1.0399028019320065e-08,1.0447506506525684e-08,1.0495975260469279e-08,1.0544434114756584e-08]],"type":"surface","scene":"scene8"},{"colorscale":[[0.0,"#0d0887"],[0.1111111111111111,"#46039f"],[0.2222222222222222,"#7201a8"],[0.3333333333333333,"#9c179e"],[0.4444444444444444,"#bd3786"],[0.5555555555555556,"#d8576b"],[0.6666666666666666,"#ed7953"],[0.7777777777777778,"#fb9f3a"],[0.8888888888888888,"#fdca26"],[1.0,"#f0f921"]],"name":"NN","showlegend":true,"showscale":false,"x":[-0.0772377082793561,-0.055169791628111496,-0.033101874976866896,-0.011033958325622303,0.01103395832562229,0.033101874976866896,0.055169791628111475,0.07723770827935608],"y":[0.24240772690723,0.48480545381446,0.72720318072169,0.96960090762892,1.21199863453615,1.45439636144338,1.69679408835061,1.93919181525784],"z":[[-7.123554131476046e-14,-7.12963556739821e-14,-7.13568847429899e-14,-7.141712714761022e-14,-7.1477079224845e-14,-7.153673959321346e-14,-7.159611144188683e-14,-7.165518652459758e-14],[-8.02636791591866e-14,-8.03282152031835e-14,-8.039241993516582e-14,-8.04562918885901e-14,-8.051982408204792e-14,-8.058302055186057e-14,-8.064587982227022e-14,-8.07083976565532e-14],[-7.914274441487676e-14,-7.920425723566723e-14,-7.926543437956287e-14,-7.932627446855939e-14,-7.93867732416818e-14,-7.944693219361807e-14,-7.950674705602878e-14,-7.956621931969053e-14],[-7.416707162364248e-14,-7.422427711429705e-14,-7.428116018761978e-14,-7.43377196055349e-14,-7.439395412742458e-14,-7.444985967109783e-14,-7.450543782787456e-14,-7.456068734954961e-14],[-6.7677161367904e-14,-6.773030672023301e-14,-6.778315371325068e-14,-6.783569314981009e-14,-6.788792934112772e-14,-6.79398611933619e-14,-6.799148490312512e-14,-6.804279936863148e-14],[-6.069998330433371e-14,-6.074972193693425e-14,-6.079917927961565e-14,-6.084835689620099e-14,-6.089725383380939e-14,-6.094586661625678e-14,-6.099419428285306e-14,-6.104223839486564e-14],[-5.370956309649783e-14,-5.375657450886647e-14,-5.380333079115006e-14,-5.3849826511503506e-14,-5.3896063140925985e-14,-5.394203754092943e-14,-5.3987753490153453e-14,-5.4033205538566285e-14],[-4.69213056601658e-14,-4.6966192380172876e-14,-4.701084133009242e-14,-4.705525178728197e-14,-4.709942510166538e-14,-4.7143360552228946e-14,-4.718705326235885e-14,-4.723050665609792e-14]],"type":"surface","scene":"scene9"},{"colorscale":[[0.0,"#0d0887"],[0.1111111111111111,"#46039f"],[0.2222222222222222,"#7201a8"],[0.3333333333333333,"#9c179e"],[0.4444444444444444,"#bd3786"],[0.5555555555555556,"#d8576b"],[0.6666666666666666,"#ed7953"],[0.7777777777777778,"#fb9f3a"],[0.8888888888888888,"#fdca26"],[1.0,"#f0f921"]],"name":"NN","showlegend":true,"showscale":false,"x":[0.06157894736842105,0.1131578947368421,0.16473684210526315,0.2163157894736842,0.26789473684210524,0.3194736842105263,0.37105263157894736,0.4226315789473684,0.47421052631578947,0.5257894736842105,0.5773684210526315,0.6289473684210526,0.6805263157894736,0.7321052631578947,0.7836842105263158,0.8352631578947368,0.8868421052631579,0.9384210526315789],"y":[0.144560514746047,0.289111029492094,0.433661544238141,0.5782120589841879,0.7227625737302349,0.867313088476282,1.011863603222329,1.156414117968376],"z":[[-6.867468636526734e-08,5.660953467612101e-07,2.695781787751602e-10,1.0462585273252433e-12,2.314368652314396e-13,1.0965925191191121e-13,6.458483904457384e-14,4.312985523559644e-14,3.2722433176078003e-14,2.788360002803883e-14,2.5768792602986627e-14,2.4930693411401582e-14,2.4660524847402175e-14,2.461863886814127e-14,2.4644121191428634e-14,2.4662165714104613e-14,2.4639949917429562e-14,2.4565478799969587e-14],[-2.1729430269522987e-07,-1.8798726837005355e-07,-1.0815155304271064e-07,-5.255080127160982e-08,3.3428460198349534e-08,6.446790047491296e-12,2.0144332479453192e-13,8.636852112938338e-14,5.859730265894155e-14,4.387180695548487e-14,3.437561903772822e-14,2.825426035825051e-14,2.4513424447459327e-14,2.2415659746067274e-14,2.1408269038394642e-14,2.1088747242261995e-14,2.117115989619686e-14,2.1457976738253723e-14],[3.38473316155652e-08,-8.872893985776226e-08,-6.23019858479982e-08,-6.51173543259336e-08,-6.773796189655178e-08,-5.8409540076916703e-08,-3.977549385229306e-08,-2.4989216647197492e-08,-2.463968202072191e-12,-2.9221217992171227e-14,9.318260074700283e-15,1.5225840437288104e-14,1.6797523857824974e-14,1.7027195983566406e-14,1.6785053088566952e-14,1.6426771401312604e-14,1.6104198532804248e-14,1.588706687408781e-14],[1.3957382504785223e-07,-2.573634843639811e-09,8.889020997749813e-09,-4.599506614427926e-09,-2.2605399666347586e-08,-3.210724869602462e-08,-3.5628533950124964e-08,-3.679757342988654e-08,-3.5621831432140714e-08,-3.4991740295091465e-08,-4.337019203141849e-09,-5.013449530582722e-12,-2.9012410690041425e-13,-7.43377196055349e-14,-3.1190164146217924e-14,-1.5149810745699807e-14,-6.823264717929568e-15,-1.5991480503588965e-15],[1.1250852191332597e-07,1.2553822483844811e-08,3.2437839392659607e-08,2.43119720051874e-08,5.880343191200751e-09,-6.649654917489647e-09,-1.279340566296569e-08,-1.6790516680082074e-08,-2.082486977370541e-08,-2.4068506537021234e-08,-2.4923517777012224e-08,-2.405009990997971e-08,-1.817021873077114e-08,-4.542121772956367e-10,-7.233519627059355e-12,-8.83728047099803e-13,-2.711760298671258e-13,-1.273190629622553e-13],[3.75432958912585e-08,-1.0441898774238983e-08,2.2770828789429546e-08,2.4353289770640286e-08,1.093136881260402e-08,4.849126819780492e-10,-3.671374599740197e-09,-4.856020347727383e-09,-6.307743642183951e-09,-8.824155527471487e-09,-1.1309165376707286e-08,-1.2431978643240272e-08,-1.1876151043761989e-08,-1.064427095825372e-08,-8.801511223035727e-09,-1.6164876531636862e-09,-6.79149256368673e-11,-7.1617612915024114e-12],[-1.37900570208429e-08,-3.3278065237089e-08,5.500132187510973e-09,1.2998477643935796e-08,3.6548647281666887e-09,-4.479660615020193e-09,-6.260062174629491e-09,-3.946165659153378e-09,-1.164905218445888e-09,5.96317593476309e-11,-1.5843670984462692e-10,-5.783422171143993e-10,-2.6066722975851543e-10,7.860612972760584e-10,1.984838178357628e-09,2.0745415105072545e-09,-1.9798367207723052e-11,-2.7163196113999226e-10],[-7.2599913707186996e-09,-3.476655621333657e-08,-2.9577635030802413e-09,3.5534339676429363e-09,-5.43752613739461e-09,-1.346475123042285e-08,-1.460393654302368e-08,-1.0209476635234013e-08,-3.89401385543915e-09,1.4042033501782876e-09,4.621339097531851e-09,6.449230130795964e-09,8.183207767551883e-09,1.0350539964980052e-08,1.2372900674232827e-08,1.3524441772761202e-08,1.225383036465211e-08,5.36820768854654e-09]],"type":"surface","scene":"scene10"},{"colorscale":[[0.0,"#0d0887"],[0.1111111111111111,"#46039f"],[0.2222222222222222,"#7201a8"],[0.3333333333333333,"#9c179e"],[0.4444444444444444,"#bd3786"],[0.5555555555555556,"#d8576b"],[0.6666666666666666,"#ed7953"],[0.7777777777777778,"#fb9f3a"],[0.8888888888888888,"#fdca26"],[1.0,"#f0f921"]],"name":"NN","showlegend":true,"showscale":false,"x":[0.06157894736842105,0.1131578947368421,0.16473684210526315,0.2163157894736842,0.26789473684210524,0.3194736842105263,0.37105263157894736,0.4226315789473684,0.47421052631578947,0.5257894736842105,0.5773684210526315,0.6289473684210526,0.6805263157894736,0.7321052631578947,0.7836842105263158,0.8352631578947368,0.8868421052631579,0.9384210526315789],"y":[0.24240772690723,0.48480545381446,0.72720318072169,0.96960090762892,1.21199863453615,1.45439636144338,1.69679408835061,1.93919181525784],"z":[[5.872265475015324e-08,-1.4118842387860375e-08,-6.216278659363006e-09,-1.030108836140588e-08,-1.6524016376211895e-08,-1.9168979647416724e-08,-1.976279093159384e-08,-1.9962551104411287e-08,-1.940674205377485e-08,-1.832199979669142e-08,-9.589504477298026e-09,-1.592507348000082e-11,-3.86885135888535e-13,-7.141712714761022e-14,-2.6815614269586317e-14,-1.3030231074847678e-14,-6.677638724690161e-15,-2.977496701338624e-15],[9.385240809703006e-08,-1.1592083689582961e-08,-2.3218991869040167e-09,-9.767071649077467e-09,-2.015524833200383e-08,-2.5102594537596227e-08,-2.6664597790508538e-08,-2.7262116363738983e-08,-2.6543209152496545e-08,-2.5356014220123246e-08,-9.35215822046254e-09,-1.1454572132428468e-11,-3.840998955608834e-13,-8.04562918885901e-14,-3.1649574809208036e-14,-1.5519928302313928e-14,-7.75658914837784e-15,-3.1069742004779035e-15],[1.211312526752808e-07,-6.87033070836832e-09,3.262243888858563e-09,-7.3765567210010625e-09,-2.1694408752153223e-08,-2.8961837462124135e-08,-3.154277649783028e-08,-3.2492615120981363e-08,-3.159012230644704e-08,-3.058205258283724e-08,-6.988961189990416e-09,-7.591432677087218e-12,-3.396316609585696e-13,-7.932627446855939e-14,-3.2380528100887626e-14,-1.5884032376302218e-14,-7.622714447087876e-15,-2.5510670271913112e-15],[1.3957382504785223e-07,-2.573634843639811e-09,8.889020997749813e-09,-4.599506614427926e-09,-2.2605399666347586e-08,-3.210724869602462e-08,-3.5628533950124964e-08,-3.679757342988654e-08,-3.5621831432140714e-08,-3.4991740295091465e-08,-4.337019203141849e-09,-5.013449530582722e-12,-2.9012410690041425e-13,-7.43377196055349e-14,-3.1190164146217924e-14,-1.5149810745699807e-14,-6.823264717929568e-15,-1.5991480503588965e-15],[1.4813616059351418e-07,-5.536604681380931e-11,1.3685994033022644e-08,-2.1795448852812818e-09,-2.3582217298274247e-08,-3.5155786781193273e-08,-3.946090007011245e-08,-4.066262465535099e-08,-3.909105089618358e-08,-3.8972103283108576e-08,-2.3295401588285043e-09,-3.366811236428925e-12,-2.4501469815049617e-13,-6.783569314981009e-14,-2.897074842271132e-14,-1.3756551264367584e-14,-5.6006383943067795e-15,-3.8528905336102444e-16],[1.4605791288653356e-07,-1.391362138301761e-10,1.7109325544046194e-08,-5.730502123794907e-10,-2.503740785624129e-08,-3.846538264689646e-08,-4.3345860421635635e-08,-4.4357672895202335e-08,-4.225119518000526e-08,-4.266562027863318e-08,-1.1342967728016405e-09,-2.3142665793069053e-12,-2.0630433432945778e-13,-6.084835689620099e-14,-2.6171325532542395e-14,-1.1940518530067481e-14,-4.0911576342633945e-15,1.0118622293896343e-15],[1.328455960369911e-07,-3.356952336552615e-09,1.8796813760668435e-08,-8.47979850039978e-11,-2.7243034609945886e-08,-4.226938530171538e-08,-4.748044722655314e-08,-4.805422787059011e-08,-4.526772580484065e-08,-4.602871632469946e-08,-5.273636269603686e-10,-1.6312495519848454e-12,-1.7373157432363743e-13,-5.3849826511503506e-14,-2.3040740022648157e-14,-9.843938983374422e-15,-2.3810736598989998e-15,2.540530589809497e-15],[1.0821957505690251e-07,-1.0058315201530062e-08,1.8499945826580817e-08,-9.275218407148383e-10,-3.038906439449159e-08,-4.6730212436430884e-08,-5.200095620148165e-08,-5.1870119972697963e-08,-4.826052125997939e-08,-4.881661929775678e-08,-2.455855962853049e-10,-1.17871245585278e-12,-1.4642175907187034e-13,-4.705525178728197e-14,-1.9724715734662245e-14,-7.558532194056522e-15,-5.28967121296598e-16,4.164229651712968e-15]],"type":"surface","scene":"scene11"},{"colorscale":[[0.0,"#0d0887"],[0.1111111111111111,"#46039f"],[0.2222222222222222,"#7201a8"],[0.3333333333333333,"#9c179e"],[0.4444444444444444,"#bd3786"],[0.5555555555555556,"#d8576b"],[0.6666666666666666,"#ed7953"],[0.7777777777777778,"#fb9f3a"],[0.8888888888888888,"#fdca26"],[1.0,"#f0f921"]],"name":"NN","showlegend":true,"showscale":false,"x":[0.06157894736842105,0.1131578947368421,0.16473684210526315,0.2163157894736842,0.26789473684210524,0.3194736842105263,0.37105263157894736,0.4226315789473684,0.47421052631578947,0.5257894736842105,0.5773684210526315,0.6289473684210526,0.6805263157894736,0.7321052631578947,0.7836842105263158,0.8352631578947368,0.8868421052631579,0.9384210526315789],"y":[-0.0772377082793561,-0.055169791628111496,-0.033101874976866896,-0.011033958325622303,0.01103395832562229,0.033101874976866896,0.055169791628111475,0.07723770827935608],"z":[[1.542732691131645e-07,1.5147366776176474e-09,9.279710392294232e-09,-5.615154373471371e-09,-2.3991571235874704e-08,-3.3408640422577276e-08,-3.666942559513447e-08,-3.7539509130806864e-08,-3.60963144826501e-08,-3.52952621069869e-08,-4.3007931293390724e-09,-4.977306408249241e-12,-2.892039112348071e-13,-7.416707162364248e-14,-3.110592185764695e-14,-1.509068853700427e-14,-6.777036779411236e-15,-1.5614054917127627e-15],[1.4938732265035242e-07,1.584997230725373e-10,9.153185378438817e-09,-5.274375154666515e-09,-2.352815571831607e-08,-3.297405499080632e-08,-3.632206676514648e-08,-3.7292074259678296e-08,-3.5938191669990626e-08,-3.519415207788853e-08,-4.312915788985308e-09,-4.989356594668303e-12,-2.895116851151114e-13,-7.422427711429705e-14,-3.113416343040798e-14,-1.511049705881339e-14,-6.7925182353193906e-15,-1.5740416625803277e-15],[1.4448752332034742e-07,-1.204284244598888e-09,9.022958912273866e-09,-4.935824023678157e-09,-2.306609734463662e-08,-3.2540256970921516e-08,-3.597510239136237e-08,-3.7044762078436656e-08,-3.578003053347821e-08,-3.509297815163681e-08,-4.324991354067865e-09,-5.001404405159917e-12,-2.898184172565093e-13,-7.428116018761978e-14,-3.1162243366618054e-14,-1.5130204789188174e-14,-6.8079275844365575e-15,-1.5866224749594008e-15],[1.3957382504785223e-07,-2.573634843639811e-09,8.889020997749813e-09,-4.599506614427926e-09,-2.2605399666347586e-08,-3.210724869602462e-08,-3.5628533950124964e-08,-3.679757342988654e-08,-3.5621831432140714e-08,-3.4991740295091465e-08,-4.337019203141849e-09,-5.013449530582722e-12,-2.9012410690041425e-13,-7.43377196055349e-14,-3.1190164146217924e-14,-1.5149810745699807e-14,-6.823264717929568e-15,-1.5991480503588965e-15],[1.346461816200521e-07,-3.949571759776652e-09,8.751361602761474e-09,-4.26542857853636e-09,-2.214606624298073e-08,-3.167503250224112e-08,-3.52823629183879e-08,-3.655050915661363e-08,-3.54635947249121e-08,-3.4890438474920876e-08,-4.348998715157136e-09,-5.025491660382925e-12,-2.904287398194921e-13,-7.439395412742458e-14,-3.121792243946804e-14,-1.516931551190271e-14,-6.838529526922801e-15,-1.6116181425545991e-15],[1.2970454668642976e-07,-5.332114746327053e-09,8.609970659056847e-09,-3.93359558538766e-09,-2.1688100642121937e-08,-3.124361072873933e-08,-3.4936590773727406e-08,-3.630357010098671e-08,-3.5305320770625546e-08,-3.478907265766845e-08,-4.360929269566543e-09,-5.037530522804607e-12,-2.907323152068111e-13,-7.444985967109783e-14,-3.124552072922419e-14,-1.5188718889041352e-14,-6.853722281367723e-15,-1.6240327818526278e-15],[1.247488737585447e-07,-6.721283624361094e-09,8.464838062139625e-09,-3.6040133221846818e-09,-2.1231506439446923e-08,-3.081298571775304e-08,-3.459121899435274e-08,-3.6056757105168764e-08,-3.51470099280214e-08,-3.468764280970283e-08,-4.372810246171664e-09,-5.04956580441663e-12,-2.910348120583592e-13,-7.450543782787456e-14,-3.1272955680623793e-14,-1.5208019891428555e-14,-6.868842115380867e-15,-1.636391906623325e-15],[1.1977911620985122e-07,-8.117098282800016e-09,8.31595367117142e-09,-3.2766874940074886e-09,-2.0776287218753312e-08,-3.038315981459887e-08,-3.4246249059115195e-08,-3.581007101111571e-08,-3.498866255574428e-08,-3.458614889726133e-08,-4.384641025417351e-09,-5.061597190369465e-12,-2.9133622279079975e-13,-7.456068734954961e-14,-3.130022832212654e-14,-1.5227219104906293e-14,-6.883889678505711e-15,-1.648695359710257e-15]],"type":"surface","scene":"scene12"},{"colorscale":[[0.0,"#0d0887"],[0.1111111111111111,"#46039f"],[0.2222222222222222,"#7201a8"],[0.3333333333333333,"#9c179e"],[0.4444444444444444,"#bd3786"],[0.5555555555555556,"#d8576b"],[0.6666666666666666,"#ed7953"],[0.7777777777777778,"#fb9f3a"],[0.8888888888888888,"#fdca26"],[1.0,"#f0f921"]],"name":"NN","showlegend":true,"showscale":false,"x":[0.24240772690723,0.48480545381446,0.72720318072169,0.96960090762892,1.21199863453615,1.45439636144338,1.69679408835061,1.93919181525784],"y":[0.144560514746047,0.289111029492094,0.433661544238141,0.5782120589841879,0.7227625737302349,0.867313088476282,1.011863603222329,1.156414117968376],"z":[[-1.7185280010413277e-13,-2.3885372739023776e-13,-2.867045697675909e-13,-3.2359139612592685e-13,-3.5270451286302817e-13,-3.757046761372682e-13,-3.936052287977871e-13,-4.0709343192530466e-13],[-1.8870446292457236e-13,-2.7111038907444435e-13,-3.361830942149032e-13,-3.917832811969547e-13,-4.407456286192471e-13,-4.84407732432568e-13,-5.234942175553963e-13,-5.58434120920411e-13],[2.0036822527000618e-13,2.5551200705102757e-13,2.802279950159664e-13,2.8739789961863593e-13,2.8261655950987673e-13,2.6908377771072e-13,2.489121991257281e-13,2.2362703646435203e-13],[7.040814373035371e-12,7.972478605867847e-12,7.925542094582827e-12,7.521048069653239e-12,6.989265348520499e-12,6.4300730776209e-12,5.888256485939257e-12,5.382801760212567e-12],[3.4760904476123486e-07,2.436021898136351e-07,1.3132229753013207e-07,6.216550120154365e-08,2.807685511940338e-08,1.2846184569364093e-08,6.1709422656781564e-09,3.156901885462886e-09],[1.7150103749467385e-06,2.3988876670204112e-06,2.9029093584538848e-06,3.306785256296082e-06,3.638613372813558e-06,3.9086287748396745e-06,4.117053311419955e-06,4.256312524463336e-06],[1.4932438157558602e-06,2.0733077648492834e-06,2.4907624350723524e-06,2.818466903917564e-06,3.084999629458014e-06,3.3052075615404404e-06,3.4880514336211725e-06,3.639494366880235e-06],[1.3008923719768188e-06,1.7977372837492947e-06,2.1489729492239713e-06,2.4189383611686603e-06,2.632991963419294e-06,2.8043809542989784e-06,2.9411552800260745e-06,3.0487179760752226e-06]],"type":"surface","scene":"scene13"},{"colorscale":[[0.0,"#0d0887"],[0.1111111111111111,"#46039f"],[0.2222222222222222,"#7201a8"],[0.3333333333333333,"#9c179e"],[0.4444444444444444,"#bd3786"],[0.5555555555555556,"#d8576b"],[0.6666666666666666,"#ed7953"],[0.7777777777777778,"#fb9f3a"],[0.8888888888888888,"#fdca26"],[1.0,"#f0f921"]],"name":"NN","showlegend":true,"showscale":false,"x":[-0.0772377082793561,-0.055169791628111496,-0.033101874976866896,-0.011033958325622303,0.01103395832562229,0.033101874976866896,0.055169791628111475,0.07723770827935608],"y":[0.144560514746047,0.289111029492094,0.433661544238141,0.5782120589841879,0.7227625737302349,0.867313088476282,1.011863603222329,1.156414117968376],"z":[[-3.2302821488328624e-13,-3.232166903520707e-13,-3.2340441849212204e-13,-3.2359139612592685e-13,-3.2377763580676675e-13,-3.2396311863905824e-13,-3.2414784143469956e-13,-3.2433180100212176e-13],[-3.915974591514659e-13,-3.9166003620103805e-13,-3.9172197726370536e-13,-3.917832811969547e-13,-3.918439702352056e-13,-3.919039964780022e-13,-3.919634055414374e-13,-3.9202217289082886e-13],[2.8582601978871785e-13,2.8634978551257535e-13