{"data":[{"colorscale":[[0.0,"#0d0887"],[0.1111111111111111,"#46039f"],[0.2222222222222222,"#7201a8"],[0.3333333333333333,"#9c179e"],[0.4444444444444444,"#bd3786"],[0.5555555555555556,"#d8576b"],[0.6666666666666666,"#ed7953"],[0.7777777777777778,"#fb9f3a"],[0.8888888888888888,"#fdca26"],[1.0,"#f0f921"]],"name":"NN","showlegend":true,"showscale":false,"x":[0.24240772690723,0.48480545381446,0.72720318072169,0.96960090762892,1.21199863453615,1.45439636144338,1.69679408835061,1.93919181525784],"y":[0.144560514746047,0.289111029492094,0.433661544238141,0.5782120589841879,0.7227625737302349,0.867313088476282,1.011863603222329,1.156414117968376],"z":[[0.999999998263303,0.9999999982639634,0.9999999982644915,0.9999999982648902,0.999999998265165,0.9999999982653244,0.9999999982653796,0.9999999982653431],[0.9999999981484525,0.9999999981505775,0.9999999981521368,0.9999999981532285,0.9999999981539325,0.999999998154316,0.9999999981544362,0.9999999981543424],[0.9999999976818473,0.9999999977062378,0.9999999977254129,0.9999999977404912,0.999999997752401,0.9999999977618762,0.9999999977694826,0.9999999977756509],[0.9999999963222349,0.9999999964463188,0.999999996555467,0.999999996651469,0.9999999967357964,0.9999999968098353,0.9999999968749093,0.999999996932248],[0.9999572693550731,0.9999821669898546,0.9999937873276951,0.9999981105349327,0.9999994514399858,0.9999998299341963,0.99999993805748,0.9999999721760662],[0.9992153534215418,0.999283645755106,0.9993523977688189,0.9994209749471088,0.9994888451153661,0.999555513575183,0.9996204529622736,0.9996830340397125],[0.9986380886370275,0.9986961113166143,0.9987545309935305,0.9988131662482113,0.99887194697886,0.9989308714728903,0.9989899734902381,0.999049297544774],[0.9982060749917205,0.9982564242295002,0.9983067365365914,0.9983569833350885,0.9984072241183306,0.9984575680190022,0.9985081477460824,0.9985591021721596]],"type":"surface","scene":"scene"},{"colorscale":[[0.0,"#0d0887"],[0.1111111111111111,"#46039f"],[0.2222222222222222,"#7201a8"],[0.3333333333333333,"#9c179e"],[0.4444444444444444,"#bd3786"],[0.5555555555555556,"#d8576b"],[0.6666666666666666,"#ed7953"],[0.7777777777777778,"#fb9f3a"],[0.8888888888888888,"#fdca26"],[1.0,"#f0f921"]],"name":"NN","showlegend":true,"showscale":false,"x":[-0.0772377082793561,-0.055169791628111496,-0.033101874976866896,-0.011033958325622303,0.01103395832562229,0.033101874976866896,0.055169791628111475,0.07723770827935608],"y":[0.144560514746047,0.289111029492094,0.433661544238141,0.5782120589841879,0.7227625737302349,0.867313088476282,1.011863603222329,1.156414117968376],"z":[[0.9999999982638299,0.999999998264187,0.9999999982645402,0.9999999982648902,0.9999999982652366,0.9999999982655796,0.9999999982659195,0.999999998266256],[0.9999999981490868,0.9999999981504857,0.9999999981518662,0.9999999981532285,0.9999999981545725,0.9999999981558982,0.9999999981572056,0.9999999981584947],[0.9999999977375608,0.9999999977385717,0.9999999977395486,0.9999999977404912,0.9999999977413992,0.9999999977422731,0.9999999977431128,0.9999999977439187],[0.9999999967133895,0.9999999966933006,0.9999999966726596,0.999999996651469,0.9999999966297334,0.9999999966074601,0.999999996584658,0.9999999965613391],[0.9999995225278667,0.9999992383124535,0.9999987926455334,0.9999981105349327,0.9999970959166323,0.999995633572291,0.9999935948494872,0.9999908469284973],[0.9994996143210562,0.9994729690955496,0.9994467461318761,0.9994209749471088,0.9993956798750281,0.9993708809764348,0.9993465947795,0.9993228348767448],[0.9988830634963096,0.9988592748315073,0.9988359752761596,0.9988131662482113,0.9987908482344987,0.9987690208522272,0.9987476829109352,0.9987268324745077],[0.9984160585642137,0.9983959754698908,0.998376286096598,0.9983569833350885,0.9983380599343821,0.9983195085413812,0.9983013217371576,0.9982834920700527]],"type":"surface","scene":"scene2"},{"colorscale":[[0.0,"#0d0887"],[0.1111111111111111,"#46039f"],[0.2222222222222222,"#7201a8"],[0.3333333333333333,"#9c179e"],[0.4444444444444444,"#bd3786"],[0.5555555555555556,"#d8576b"],[0.6666666666666666,"#ed7953"],[0.7777777777777778,"#fb9f3a"],[0.8888888888888888,"#fdca26"],[1.0,"#f0f921"]],"name":"NN","showlegend":true,"showscale":false,"x":[-0.0772377082793561,-0.055169791628111496,-0.033101874976866896,-0.011033958325622303,0.01103395832562229,0.033101874976866896,0.055169791628111475,0.07723770827935608],"y":[0.24240772690723,0.48480545381446,0.72720318072169,0.96960090762892,1.21199863453615,1.45439636144338,1.69679408835061,1.93919181525784],"z":[[0.9999999964034714,0.9999999963770386,0.9999999963499596,0.9999999963222349,0.9999999962938652,0.9999999962648505,0.9999999962351901,0.9999999962048819],[0.9999999965202858,0.9999999964962216,0.999999996471564,0.9999999964463188,0.9999999964204934,0.9999999963940965,0.9999999963671385,0.9999999963396307],[0.9999999966231208,0.9999999966011366,0.9999999965785835,0.999999996555467,0.9999999965317943,0.9999999965075747,0.9999999964828199,0.9999999964575434],[0.9999999967133895,0.9999999966933006,0.9999999966726596,0.999999996651469,0.9999999966297334,0.9999999966074601,0.999999996584658,0.9999999965613391],[0.9999999967924269,0.9999999967740862,0.9999999967552095,0.9999999967357964,0.9999999967158484,0.9999999966953691,0.9999999966743643,0.9999999966528421],[0.9999999968615705,0.999999996844844,0.9999999968276,0.9999999968098353,0.9999999967915485,0.9999999967727395,0.9999999967534107,0.9999999967335661],[0.9999999969221233,0.9999999969068831,0.999999996891147,0.9999999968749093,0.9999999968581658,0.9999999968409135,0.9999999968231513,0.9999999968048797],[0.9999999969752992,0.9999999969614233,0.9999999969470753,0.999999996932248,0.9999999969169345,0.9999999969011298,0.9999999968848297,0.9999999968680316]],"type":"surface","scene":"scene3"},{"colorscale":[[0.0,"#0d0887"],[0.1111111111111111,"#46039f"],[0.2222222222222222,"#7201a8"],[0.3333333333333333,"#9c179e"],[0.4444444444444444,"#bd3786"],[0.5555555555555556,"#d8576b"],[0.6666666666666666,"#ed7953"],[0.7777777777777778,"#fb9f3a"],[0.8888888888888888,"#fdca26"],[1.0,"#f0f921"]],"name":"NN","showlegend":true,"showscale":false,"x":[0.06157894736842105,0.1131578947368421,0.16473684210526315,0.2163157894736842,0.26789473684210524,0.3194736842105263,0.37105263157894736,0.4226315789473684,0.47421052631578947,0.5257894736842105,0.5773684210526315,0.6289473684210526,0.6805263157894736,0.7321052631578947,0.7836842105263158,0.8352631578947368,0.8868421052631579,0.9384210526315789],"y":[0.144560514746047,0.289111029492094,0.433661544238141,0.5782120589841879,0.7227625737302349,0.867313088476282,1.011863603222329,1.156414117968376],"z":[[0.89964148314231,0.9766531413673416,0.9999969088987122,0.9999999937938048,0.9999999964738946,0.999999997336645,0.9999999977688825,0.9999999979762481,0.999999998085828,0.9999999981525322,0.9999999981966832,0.999999998227222,0.9999999982489802,0.9999999982648902,0.9999999982768223,0.999999998285997,0.999999998293221,0.9999999982990333],[0.8655280990771739,0.9410141227099941,0.971505030308467,0.9873439909113088,0.9966037797929908,0.9999998146777603,0.9999999950544788,0.99999999656253,0.9999999972460034,0.9999999976470564,0.9999999978693527,0.9999999980020396,0.9999999980906887,0.9999999981532285,0.9999999981980886,0.9999999982304795,0.999999998254038,0.9999999982713497],[0.8541277045673437,0.929181359397002,0.9599191078584458,0.9762179757899816,0.9860377878273469,0.9923433974764824,0.9965224449641483,0.9994316756109026,0.9999999624921008,0.9999999954261177,0.9999999965776007,0.9999999971646188,0.9999999975245968,0.9999999977404912,0.9999999978818389,0.9999999979869961,0.9999999980698632,0.9999999981350721],[0.8484150164084505,0.9232476034028407,0.9541349661877198,0.9706528863266223,0.9807244928217101,0.9873413882695878,0.9918830422908015,0.9950761373299718,0.9973414586618103,0.9989717190294921,0.9999494182466621,0.9999999829533986,0.9999999956866569,0.999999996651469,0.9999999971707279,0.9999999974728991,0.9999999976524968,0.9999999977747499],[0.8449577190337476,0.9196675459118726,0.9506512695251951,0.9673245262766597,0.9775649724550961,0.9843587161718251,0.989086384215046,0.9924789069692554,0.9949610213147989,0.9967922923057259,0.9981374883796302,0.9991176629296158,0.9997983726277301,0.9999981105349327,0.9999999912312337,0.9999999960633603,0.9999999968234494,0.999999997247207],[0.8426568173491324,0.917285109936365,0.9483221729017234,0.9650947949057112,0.9754512276983268,0.9823706953011638,0.9872309418402593,0.9907588766715192,0.9933767339461558,0.9953470562193198,0.9968395445524373,0.9979663513301873,0.9988060198559044,0.9994209749471088,0.9998392969175159,0.9999930124227943,0.9999999614362189,0.9999999951213604],[0.8410193985431109,0.9155917125314782,0.9466609966378455,0.9634977563077678,0.9739326216343823,0.9809397741411938,0.9858954641122851,0.9895244324913702,0.9922456229703542,0.9943189592056653,0.9959139608983955,0.9971450719148556,0.9980920686883429,0.9988131662482113,0.9993531149736797,0.999739146636104,0.9999528927986673,0.9999984252323147],[0.8397805186532736,0.9143174662423109,0.945414196783758,0.9623001390454903,0.972794680803913,0.979867188682497,0.9848925878186499,0.9885951442800813,0.9913928686507152,0.9935445284052509,0.9952186813423812,0.9965291766323167,0.9975557711201308,0.9983569833350885,0.9989773761897262,0.999449147107321,0.999783443155948,0.9999587245295308]],"type":"surface","scene":"scene4"},{"colorscale":[[0.0,"#0d0887"],[0.1111111111111111,"#46039f"],[0.2222222222222222,"#7201a8"],[0.3333333333333333,"#9c179e"],[0.4444444444444444,"#bd3786"],[0.5555555555555556,"#d8576b"],[0.6666666666666666,"#ed7953"],[0.7777777777777778,"#fb9f3a"],[0.8888888888888888,"#fdca26"],[1.0,"#f0f921"]],"name":"NN","showlegend":true,"showscale":false,"x":[0.06157894736842105,0.1131578947368421,0.16473684210526315,0.2163157894736842,0.26789473684210524,0.3194736842105263,0.37105263157894736,0.4226315789473684,0.47421052631578947,0.5257894736842105,0.5773684210526315,0.6289473684210526,0.6805263157894736,0.7321052631578947,0.7836842105263158,0.8352631578947368,0.8868421052631579,0.9384210526315789],"y":[0.24240772690723,0.48480545381446,0.72720318072169,0.96960090762892,1.21199863453615,1.45439636144338,1.69679408835061,1.93919181525784],"z":[[0.8484370419894207,0.9231462749850596,0.9539665074048304,0.9704340163991771,0.9804757027649675,0.9870779626255046,0.9916137140645632,0.9948042832131256,0.9970615991820497,0.9986556662957895,0.999759623547251,0.9999997326657524,0.9999999947065292,0.9999999963222349,0.9999999969526877,0.9999999973407335,0.9999999975801317,0.9999999977348614],[0.8484231907662289,0.9231754204506396,0.9540173877364568,0.9705027808182773,0.9805559183480207,0.9871640505869549,0.9917020827485055,0.9948933262865386,0.997152911186323,0.9987588403842163,0.9998422357375747,0.9999999192692791,0.999999995179018,0.9999999964463188,0.9999999970368417,0.9999999973942274,0.9999999976101772,0.9999999977513618],[0.8484160090446876,0.9232100480330364,0.9540745943211432,0.9705767468937779,0.9806396784151081,0.9872524795213667,0.9917923013298598,0.9949842681372607,0.9972464648501627,0.9988645737871341,0.9999058561742026,0.9999999676268087,0.9999999954755637,0.999999996555467,0.9999999971092106,0.9999999974377107,0.9999999976338035,0.9999999977643728],[0.8484150164084505,0.9232476034028407,0.9541349661877198,0.9706528863266223,0.9807244928217101,0.9873413882695878,0.9918830422908015,0.9950761373299718,0.9973414586618103,0.9989717190294921,0.9999494182466621,0.9999999829533986,0.9999999956866569,0.999999996651469,0.9999999971707279,0.9999999974728991,0.9999999976524968,0.9999999977747499],[0.848416357118787,0.9232856823045512,0.9541964103489162,0.9707294859094368,0.9808091080105694,0.9874299325917074,0.991973742817342,0.9951685033100087,0.997437473824146,0.9990793121002525,0.9999756007430983,0.9999999889005763,0.99999999585097,0.9999999967357964,0.999999997222726,0.9999999975014412,0.9999999976674434,0.9999999977831344],[0.848415441384332,0.9233223231310987,0.9542575870890567,0.9708056405311247,0.9808929905999707,0.98751784166993,0.9920642625269214,0.9952612350315055,0.9975343189685392,0.9991864399890266,0.9999893432414351,0.9999999916303943,0.9999999959864535,0.9999999968098353,0.9999999972666508,0.9999999975247561,0.9999999976795515,0.9999999977900017],[0.8484082487301955,0.9233561028796601,0.9543176940896789,0.970880941203384,0.9809760171568495,0.987605153728799,0.9921546791086683,0.9953543545045598,0.9976319298720271,0.9992921231646146,0.9999956872104047,0.999999993059558,0.9999999961022268,0.9999999968749093,0.9999999973038752,0.999999997543994,0.9999999976895023,0.9999999977957036],[0.8483918438474343,0.9233861207599242,0.9543763120807753,0.9709552808114287,0.9810582879541273,0.9876920594696343,0.992245167391679,0.995447948488875,0.9977303038883458,0.9993952169764535,0.9999983210055321,0.9999999938904378,0.9999999962033993,0.999999996932248,0.9999999973356076,0.9999999975600566,0.9999999976978028,0.9999999978005025]],"type":"surface","scene":"scene5"},{"colorscale":[[0.0,"#0d0887"],[0.1111111111111111,"#46039f"],[0.2222222222222222,"#7201a8"],[0.3333333333333333,"#9c179e"],[0.4444444444444444,"#bd3786"],[0.5555555555555556,"#d8576b"],[0.6666666666666666,"#ed7953"],[0.7777777777777778,"#fb9f3a"],[0.8888888888888888,"#fdca26"],[1.0,"#f0f921"]],"name":"NN","showlegend":true,"showscale":false,"x":[0.06157894736842105,0.1131578947368421,0.16473684210526315,0.2163157894736842,0.26789473684210524,0.3194736842105263,0.37105263157894736,0.4226315789473684,0.47421052631578947,0.5257894736842105,0.5773684210526315,0.6289473684210526,0.6805263157894736,0.7321052631578947,0.7836842105263158,0.8352631578947368,0.8868421052631579,0.9384210526315789],"y":[-0.0772377082793561,-0.055169791628111496,-0.033101874976866896,-0.011033958325622303,0.01103395832562229,0.033101874976866896,0.055169791628111475,0.07723770827935608],"z":[[0.8483233371624895,0.9231627850956488,0.9540852361789448,0.9706357253641428,0.9807354222487737,0.9873783247688744,0.9919446580182653,0.9951595557678723,0.997442525047484,0.9990903801617993,0.9999772846130391,0.9999999889973823,0.9999999958351917,0.9999999967133895,0.9999999972007578,0.9999999974849562,0.9999999976556447,0.999999997773743],[0.848350913449361,0.9231891064062353,0.9541000688202778,0.9706397605947775,0.9807301164142145,0.9873643711995824,0.9919225269672419,0.9951302658322153,0.9974074837877054,0.9990496425443213,0.9999696965650905,0.9999999874897346,0.9999999957883494,0.9999999966933006,0.9999999971910536,0.9999999974810863,0.9999999976546596,0.9999999977741091],[0.8483814853490104,0.9232173854299534,0.9541166503967071,0.9706454853953781,0.9807264771053132,0.9873520615615305,0.9919019886099072,0.9951024566568325,0.9973737901698001,0.9990100703238634,0.9999604360507207,0.9999999855302153,0.9999999957389417,0.9999999966726596,0.9999999971810442,0.999999997477068,0.9999999976536108,0.9999999977744449],[0.8484150164084505,0.9232476034028407,0.9541349661877198,0.9706528863266223,0.9807244928217101,0.9873413882695878,0.9918830422908015,0.9950761373299718,0.9973414586618103,0.9989717190294921,0.9999494182466621,0.9999999829533986,0.9999999956866569,0.999999996651469,0.9999999971707279,0.9999999974728991,0.9999999976524968,0.9999999977747499],[0.8484514727830302,0.9232797429279873,0.9541550020670264,0.9706619499721296,0.9807241515229977,0.9873323425659193,0.9918656854932482,0.9950513145514678,0.9973105015561251,0.9989346330142475,0.9999366194443615,0.9999999795246631,0.9999999956311206,0.9999999966297334,0.9999999971601042,0.9999999974685775,0.9999999976513166,0.9999999977750235],[0.8484908231791704,0.9233137879639856,0.9541767445343279,0.9706726630066417,0.9807254407285101,0.9873249146445302,0.9918499139723694,0.9950279927373324,0.9972809290110305,0.9988988471527647,0.9999220784958889,0.9999999749090814,0.9999999955718841,0.9999999966074601,0.9999999971491738,0.9999999974641014,0.9999999976500692,0.9999999977752653],[0.8485330387879993,0.9233497238065449,0.95420018074005,0.970685012256707,0.9807283476099047,0.987319093770427,0.991835721886947,0.9950061741295978,0.997252749097916,0.9988643883114652,0.9999058926404814,0.9999999686264107,0.9999999955084095,0.999999996584658,0.9999999971379381,0.9999999974594697,0.9999999976487537,0.9999999977754749],[0.8485780932113021,0.9233875370641405,0.9542252985036366,0.9706989847542272,0.9807328590765718,0.9873148683929936,0.9918231019291983,0.9949858589102438,0.9972259678543006,0.998831276605891,0.9998882089782116,0.999999959986711,0.9999999954400548,0.9999999965613391,0.9999999971264002,0.9999999974546815,0.9999999976473694,0.999999997775652]],"type":"surface","scene":"scene6"}],"layout":{"template":{"data":{"histogram2dcontour":[{"type":"histogram2dcontour","colorbar":{"outlinewidth":0,"ticks":""},"colorscale":[[0.0,"#0d0887"],[0.1111111111111111,"#46039f"],[0.2222222222222222,"#7201a8"],[0.3333333333333333,"#9c179e"],[0.4444444444444444,"#bd3786"],[0.5555555555555556,"#d8576b"],[0.6666666666666666,"#ed7953"],[0.7777777777777778,"#fb9f3a"],[0.8888888888888888,"#fdca26"],[1.0,"#f0f921"]]}],"choropleth":[{"type":"choropleth","colorbar":{"outlinewidth":0,"ticks":""}}],"histogram2d":[{"type":"histogram2d","colorbar":{"outlinewidth":0,"ticks":""},"colorscale":[[0.0,"#0d0887"],[0.1111111111111111,"#46039f"],[0.2222222222222222,"#7201a8"],[0.3333333333333333,"#9c179e"],[0.4444444444444444,"#bd3786"],[0.5555555555555556,"#d8576b"],[0.6666666666666666,"#ed7953"],[0.7777777777777778,"#fb9f3a"],[0.8888888888888888,"#fdca26"],[1.0,"#f0f921"]]}],"heatmap":[{"type":"heatmap","colorbar":{"outlinewidth":0,"ticks":""},"colorscale":[[0.0,"#0d0887"],[0.1111111111111111,"#46039f"],[0.2222222222222222,"#7201a8"],[0.3333333333333333,"#9c179e"],[0.4444444444444444,"#bd3786"],[0.5555555555555556,"#d8576b"],[0.6666666666666666,"#ed7953"],[0.7777777777777778,"#fb9f3a"],[0.8888888888888888,"#fdca26"],[1.0,"#f0f921"]]}],"heatmapgl":[{"type":"heatmapgl","colorbar":{"outlinewidth":0,"ticks":""},"colorscale":[[0.0,"#0d0887"],[0.1111111111111111,"#46039f"],[0.2222222222222222,"#7201a8"],[0.3333333333333333,"#9c179e"],[0.4444444444444444,"#bd3786"],[0.5555555555555556,"#d8576b"],[0.6666666666666666,"#ed7953"],[0.7777777777777778,"#fb9f3a"],[0.8888888888888888,"#fdca26"],[1.0,"#f0f921"]]}],"contourcarpet":[{"type":"contourcarpet","colorbar":{"outlinewidth":0,"ticks":""}}],"contour":[{"type":"contour","colorbar":{"outlinewidth":0,"ticks":""},"colorscale":[[0.0,"#0d0887"],[0.1111111111111111,"#46039f"],[0.2222222222222222,"#7201a8"],[0.3333333333333333,"#9c179e"],[0.4444444444444444,"#bd3786"],[0.5555555555555556,"#d8576b"],[0.6666666666666666,"#ed7953"],[0.7777777777777778,"#fb9f3a"],[0.8888888888888888,"#fdca26"],[1.0,"#f0f921"]]}],"surface":[{"type":"surface","colorbar":{"outlinewidth":0,"ticks":""},"colorscale":[[0.0,"#0d0887"],[0.1111111111111111,"#46039f"],[0.2222222222222222,"#7201a8"],[0.3333333333333333,"#9c179e"],[0.4444444444444444,"#bd3786"],[0.5555555555555556,"#d8576b"],[0.6666666666666666,"#ed7953"],[0.7777777777777778,"#fb9f3a"],[0.8888888888888888,"#fdca26"],[1.0,"#f0f921"]]}],"mesh3d":[{"type":"mesh3d","colorbar":{"outlinewidth":0,"ticks":""}}],"scatter":[{"fillpattern":{"fillmode":"overlay","size":10,"solidity":0.2},"type":"scatter"}],"parcoords":[{"type":"parcoords","line":{"colorbar":{"outlinewidth":0,"ticks":""}}}],"scatterpolargl":[{"type":"scatterpolargl","marker":{"colorbar":{"outlinewidth":0,"ticks":""}}}],"bar":[{"error_x":{"color":"#2a3f5f"},"error_y":{"color":"#2a3f5f"},"marker":{"line":{"color":"#E5ECF6","width":0.5},"pattern":{"fillmode":"overlay","size":10,"solidity":0.2}},"type":"bar"}],"scattergeo":[{"type":"scattergeo","marker":{"colorbar":{"outlinewidth":0,"ticks":""}}}],"scatterpolar":[{"type":"scatterpolar","marker":{"colorbar":{"outlinewidth":0,"ticks":""}}}],"histogram":[{"marker":{"pattern":{"fillmode":"overlay","size":10,"solidity":0.2}},"type":"histogram"}],"scattergl":[{"type":"scattergl","marker":{"colorbar":{"outlinewidth":0,"ticks":""}}}],"scatter3d":[{"type":"scatter3d","line":{"colorbar":{"outlinewidth":0,"ticks":""}},"marker":{"colorbar":{"outlinewidth":0,"ticks":""}}}],"scattermapbox":[{"type":"scattermapbox","marker":{"colorbar":{"outlinewidth":0,"ticks":""}}}],"scatterternary":[{"type":"scatterternary","marker":{"colorbar":{"outlinewidth":0,"ticks":""}}}],"scattercarpet":[{"type":"scattercarpet","marker":{"colorbar":{"outlinewidth":0,"ticks":""}}}],"carpet":[{"aaxis":{"endlinecolor":"#2a3f5f","gridcolor":"white","linecolor":"white","minorgridcolor":"white","startlinecolor":"#2a3f5f"},"baxis":{"endlinecolor":"#2a3f5f","gridcolor":"white","linecolor":"white","minorgridcolor":"white","startlinecolor":"#2a3f5f"},"type":"carpet"}],"table":[{"cells":{"fill":{"color":"#EBF0F8"},"line":{"color":"white"}},"header":{"fill":{"color":"#C8D4E3"},"line":{"color":"white"}},"type":"table"}],"barpolar":[{"marker":{"line":{"color":"#E5ECF6","width":0.5},"pattern":{"fillmode":"overlay","size":10,"solidity":0.2}},"type":"barpolar"}],"pie":[{"automargin":true,"type":"pie"}]},"layout":{"autotypenumbers":"strict","colorway":["#636efa","#EF553B","#00cc96","#ab63fa","#FFA15A","#19d3f3","#FF6692","#B6E880","#FF97FF","#FECB52"],"font":{"color":"#2a3f5f"},"hovermode":"closest","hoverlabel":{"align":"left"},"paper_bgcolor":"white","plot_bgcolor":"#E5ECF6","polar":{"bgcolor":"#E5ECF6","angularaxis":{"gridcolor":"white","linecolor":"white","ticks":""},"radialaxis":{"gridcolor":"white","linecolor":"white","ticks":""}},"ternary":{"bgcolor":"#E5ECF6","aaxis":{"gridcolor":"white","linecolor":"white","ticks":""},"baxis":{"gridcolor":"white","linecolor":"white","ticks":""},"caxis":{"gridcolor":"white","linecolor":"white","ticks":""}},"coloraxis":{"colorbar":{"outlinewidth":0,"ticks":""}},"colorscale":{"sequential":[[0.0,"#0d0887"],[0.1111111111111111,"#46039f"],[0.2222222222222222,"#7201a8"],[0.3333333333333333,"#9c179e"],[0.4444444444444444,"#bd3786"],[0.5555555555555556,"#d8576b"],[0.6666666666666666,"#ed7953"],[0.7777777777777778,"#fb9f3a"],[0.8888888888888888,"#fdca26"],[1.0,"#f0f921"]],"sequentialminus":[[0.0,"#0d0887"],[0.1111111111111111,"#46039f"],[0.2222222222222222,"#7201a8"],[0.3333333333333333,"#9c179e"],[0.4444444444444444,"#bd3786"],[0.5555555555555556,"#d8576b"],[0.6666666666666666,"#ed7953"],[0.7777777777777778,"#fb9f3a"],[0.8888888888888888,"#fdca26"],[1.0,"#f0f921"]],"diverging":[[0,"#8e0152"],[0.1,"#c51b7d"],[0.2,"#de77ae"],[0.3,"#f1b6da"],[0.4,"#fde0ef"],[0.5,"#f7f7f7"],[0.6,"#e6f5d0"],[0.7,"#b8e186"],[0.8,"#7fbc41"],[0.9,"#4d9221"],[1,"#276419"]]},"xaxis":{"gridcolor":"white","linecolor":"white","ticks":"","title":{"standoff":15},"zerolinecolor":"white","automargin":true,"zerolinewidth":2},"yaxis":{"gridcolor":"white","linecolor":"white","ticks":"","title":{"standoff":15},"zerolinecolor":"white","automargin":true,"zerolinewidth":2},"scene":{"xaxis":{"backgroundcolor":"#E5ECF6","gridcolor":"white","linecolor":"white","showbackground":true,"ticks":"","zerolinecolor":"white","gridwidth":2},"yaxis":{"backgroundcolor":"#E5ECF6","gridcolor":"white","linecolor":"white","showbackground":true,"ticks":"","zerolinecolor":"white","gridwidth":2},"zaxis":{"backgroundcolor":"#E5ECF6","gridcolor":"white","linecolor":"white","showbackground":true,"ticks":"","zerolinecolor":"white","gridwidth":2}},"shapedefaults":{"line":{"color":"#2a3f5f"}},"annotationdefaults":{"arrowcolor":"#2a3f5f","arrowhead":0,"arrowwidth":1},"geo":{"bgcolor":"white","landcolor":"#E5ECF6","subunitcolor":"white","showland":true,"showlakes":true,"lakecolor":"white"},"title":{"x":0.05},"mapbox":{"style":"light"}}},"scene":{"domain":{"x":[0.0,0.125],"y":[0.0,1.0]},"zaxis":{"title":{"text":"kappa"},"nticks":4,"range":[-0.0001,1.0240329202458973],"tickformat":".4f"},"xaxis":{"title":{"text":"V"}},"yaxis":{"title":{"text":"Vtilde"}}},"scene2":{"domain":{"x":[0.175,0.3],"y":[0.0,1.0]},"zaxis":{"title":{"text":"kappa"},"nticks":4,"range":[-0.0001,1.0240329202458973],"tickformat":".4f"},"xaxis":{"title":{"text":"Z"}},"yaxis":{"title":{"text":"Vtilde"}}},"scene3":{"domain":{"x":[0.35,0.475],"y":[0.0,1.0]},"zaxis":{"title":{"text":"kappa"},"nticks":4,"range":[-0.0001,1.0240329202458973],"tickformat":".4f"},"xaxis":{"title":{"text":"Z"}},"yaxis":{"title":{"text":"V"}}},"scene4":{"domain":{"x":[0.525,0.65],"y":[0.0,1.0]},"zaxis":{"title":{"text":"kappa"},"nticks":4,"range":[-0.0001,1.0240329202458973],"tickformat":".4f"},"xaxis":{"title":{"text":"W"}},"yaxis":{"title":{"text":"Vtilde"}}},"scene5":{"domain":{"x":[0.7,0.825],"y":[0.0,1.0]},"zaxis":{"title":{"text":"kappa"},"nticks":4,"range":[-0.0001,1.0240329202458973],"tickformat":".4f"},"xaxis":{"title":{"text":"W"}},"yaxis":{"title":{"text":"V"}}},"scene6":{"domain":{"x":[0.875,1.0],"y":[0.0,1.0]},"zaxis":{"title":{"text":"kappa"},"nticks":4,"range":[-0.0001,1.0240329202458973],"tickformat":".4f"},"xaxis":{"title":{"text":"W"}},"yaxis":{"title":{"text":"Z"}}},"annotations":[{"font":{"size":16},"showarrow":false,"text":"W fixed at 0.7321, Z fixed at -0.0110<br> MFR Suite Not Solved.","x":0.0625,"xanchor":"center","xref":"paper","y":1.0,"yanchor":"bottom","yref":"paper"},{"font":{"size":16},"showarrow":false,"text":"W fixed at 0.7321, V fixed at 0.9696<br> MFR Suite Not Solved.","x":0.2375,"xanchor":"center","xref":"paper","y":1.0,"yanchor":"bottom","yref":"paper"},{"font":{"size":16},"showarrow":false,"text":"W fixed at 0.7321, Vtilde fixed at 0.5782<br> MFR Suite Not Solved.","x":0.4125,"xanchor":"center","xref":"paper","y":1.0,"yanchor":"bottom","yref":"paper"},{"font":{"size":16},"showarrow":false,"text":"Z fixed at -0.0110, V fixed at 0.9696<br> MFR Suite Not Solved.","x":0.5875,"xanchor":"center","xref":"paper","y":1.0,"yanchor":"bottom","yref":"paper"},{"font":{"size":16},"showarrow":false,"text":"Z fixed at -0.0110, Vtilde fixed at 0.5782<br> MFR Suite Not Solved.","x":0.7625,"xanchor":"center","xref":"paper","y":1.0,"yanchor":"bottom","yref":"paper"},{"font":{"size":16},"showarrow":false,"text":"V fixed at 0.9696, Vtilde fixed at 0.5782<br> MFR Suite Not Solved.","x":0.9375,"xanchor":"center","xref":"paper","y":1.0,"yanchor":"bottom","yref":"paper"}],"title":{"text":"MRF vs NN - Kappa Policy Function Interior<br><span style=\"font-size: 12px;\"> chiUnderline = 0.2, a_e = 0.15, a_h = 0.1, gamma_e = 1.0, gamma_h = 3.0, psi_e = 0.5, psi_h = 1.5</span>","x":0.5,"y":0.97,"yanchor":"top"},"height":700,"width":3500,"margin":{"t":150}}}